tree
version=v4
num_class=1
num_tree_per_iteration=1
label_index=0
max_feature_idx=39
objective=quantile
feature_names=atm_iv straddle_pct em_iv_pct dte event_move_implied iv_crush_pct event_vol_fraction parkinson_rv_10d parkinson_rv_20d parkinson_rv_60d cc_rv_10d cc_rv_20d vol_of_vol_20d iv_rv_ratio_20d iv_rv_ratio_60d iv_cc_rv_ratio_20d rv_term_ratio volume_ratio_20d drift_5d hist_move_avg_4q hist_move_med_4q hist_move_std_4q hist_move_avg_8q hist_move_med_8q hist_event_count hist_straddle_accuracy iv_rank hv_rank iv_mom_week iv_mom_month vix_current vix_change_30d vix_pct_252d spy_drift_60d tlt_spy_ratio_30d log_spot timing_bmo timing_amc earnings_month earnings_dow
feature_infos=[0.0562:9.827300000000001] [0.00083333333333333339:1.6799999999999997] [0.0091011673193795578:3.656330081739084] [1:60] [0:1.4691042020914447] [-3.8580100290314063:0.85581277028745872] [0.034672503568223635:67.109823252533587] [0.01134305909982487:2.8641721286455586] [0.013894109765131739:2.0282327051980693] [0.016989524212388089:1.5539472798357257] [0.0011017543739895795:11.594960128394431] [0.00077905798904997125:13.8827006001165] [0.0026076256319010121:1.389272370927521] [0.1662869210082179:148.89574118624122] [0.20733930042845336:55.329518350439479] [0.03322120193214638:574.09076896240128] [0.070747435815040532:2.4494897427831788] [0.25291709200552448:11.592494971460599] [-0.7543637095495408:0.30175159235668803] [0:0.60000000000000009] [0:0.60000000000000009] [6.3925998781312683e-05:0.74631856464742785] [0:0.60000000000000009] [0:0.60000000000000009] [0:19] [0.0014688435681595078:71.73913043478268] [0:1] [-4.8571428571426418:2.1056533827618167] [-0.92139999999999989:1.0115000000000001] [-1.9800000000000002:0.52549999999999997] [11.99:52.329999999999998] [-29.849999999999998:24.469999999999999] [0.0039577836411609502:1] [-0.15722837228372288:0.2501611343860779] [-0.19287700174254019:0.23027200357131283] [0.28517894223366247:8.6613853060707111] [0:1] [0:1] [1:12] [0:4]
tree_sizes=1845 1902 1792 1902 1900 1909 1795 1902 1907 1916 1902 1910 1894 1799 1904 1930 1913 1689 1823 1697 1358 1698 1683 1689 1787 1357 1920 1696 1909 1690 1150 1154 1251 1775

Tree=0
num_leaves=16
num_cat=0
split_feature=19 9 0 23 19 9 25 19 35 30 11 0 0 23 23
split_gain=137.265 25.8684 17.726 9.68225 9.05734 8.38345 6.10787 5.61407 4.29426 3.99844 4.59443 3.64971 3.07953 3.06791 2.83196
threshold=0.072704313776873072 0.28891958481150987 0.56392500000000012 0.043483210580502148 0.047036268284519463 0.27819151808334258 0.55438813912598794 0.14236498212524437 2.3781561723754474 19.565000000000001 0.26406691262086329 0.47082500000000005 0.33202500000000007 0.025493232657658186 0.049585291005422645
decision_type=10 8 2 10 8 10 10 10 2 8 8 2 2 10 10
left_child=1 3 9 13 8 14 -6 -7 -3 11 -11 -2 -5 -1 -4
right_child=2 4 5 12 6 7 -8 -9 -10 10 -12 -13 -14 -15 -16
leaf_value=0.085253973971602365 0.091069770369761938 0.092371919182806503 0.092581413022400694 0.087254870868099202 0.092015763748598919 0.095910287850545048 0.089387662194867143 0.10076537228816787 0.087506155966925916 0.094113626506182865 0.089908748648040895 0.094572171426639817 0.089545756382288039 0.087194963768351466 0.089066974440457095
leaf_weight=1291.5712839360349 500.90567080909386 45.754463172983378 20.646227093413472 382.68534392444417 681.01337005803362 1061.530257942155 426.0667422846891 437.02184914192185 949.60594726447016 68.895985045935959 258.50862737325951 331.13439719285816 657.25837407866493 1404.061745130457 134.24306822475046
leaf_count=7141 2973 310 82 2295 3858 4082 1887 1609 4440 292 1012 1679 3478 7136 714
internal_value=0.0899681 0.080765 0.109046 0.075513 0.090067 0.116057 0.0966417 0.118468 0.082818 0.0989902 0.0893265 0.102868 0.0842252 0.072176 0.0923123
internal_weight=8650.9 5838.02 2812.89 3735.58 2102.44 1653.44 1107.08 1498.55 995.36 1159.44 327.405 832.04 1039.94 2695.63 154.889
internal_count=42988 30545 12443 20050 10495 6487 5745 5691 4750 5956 1304 4652 5773 14277 796
is_linear=0
shrinkage=1


Tree=1
num_leaves=16
num_cat=0
split_feature=22 22 9 27 26 26 5 28 35 11 30 31 30 22 35
split_gain=110.394 20.6326 19.6948 9.17348 10.4245 6.04612 5.49209 6.18777 5.07269 4.05999 3.39374 3.22681 2.83197 2.81803 1.31732
threshold=0.062873317164884465 0.040692445423882853 0.34264132665302677 0.83654724526328994 0.4897862038664853 0.35061400399672432 0.15414754373189532 0.078500000000000028 3.1724129285102545 0.22156461274564898 18.990000000000006 2.3450000000000002 20.015000000000004 0.10068476267071527 2.3781561723754474
decision_type=10 8 10 10 10 10 10 8 2 8 10 8 8 10 2
left_child=1 9 6 4 -4 12 13 -8 -7 14 -11 -5 -3 -2 -1
right_child=2 5 3 11 -6 8 7 -9 -10 10 -12 -13 -14 -15 -16
leaf_value=0.001062292632422631 -0.00032839681952111525 -0.0016858325281285701 0.0042729269937890092 0.0053812149232187042 0.0084387976915500547 0.0030173205135815137 0.0015493994615224777 0.0096213148818040297 -0.00052705330321113977 -0.0024543450976850624 -0.0040219499090048769 -0.0011000911950135117 -0.0031953359850446605 0.0053465135532824188 -0.0043359694445978206
leaf_weight=15.629464736208318 571.36921341251582 755.1040945276618 674.2587666194886 34.030358718708158 944.6659011640586 121.19994353712536 865.8309436282143 124.33426944352686 1453.7375445100479 890.21645794576034 545.40654254565015 152.87171892076731 204.47170548071153 123.34860933059826 1174.4278181521222
leaf_count=132 2590 3313 2519 206 3742 818 4492 544 7654 4723 2938 628 1428 774 6487
internal_value=-0.000542508 -0.010321 0.0138944 0.0215372 0.0240844 -0.00352015 0.00566401 0.0107006 0.000451268 -0.0168609 -0.0129802 -0.000191097 -0.0101031 -0.00142448 -0.0214866
internal_weight=8650.9 5160.19 3490.71 1805.83 1618.92 2534.51 1684.88 990.165 1574.94 2625.68 1435.62 186.902 959.576 694.718 1190.06
internal_count=42988 27493 15495 7095 6261 13213 8400 5036 8472 14280 7661 834 4741 3364 6619
is_linear=0
shrinkage=0.105172


Tree=2
num_leaves=15
num_cat=0
split_feature=23 9 27 9 20 17 20 39 20 5 18 9 30 20
split_gain=71.4852 22.6552 12.6986 11.6266 8.83399 7.8712 7.4778 5.06977 4.5796 4.57088 4.02323 5.47309 3.1079 1.92975
threshold=0.043483210580502148 0.33307999910145408 0.7206960491906147 0.2855709632287457 0.078457738270416563 1.0535221936596428 0.083333333333333329 1.5000000000000002 0.094963510155886097 0.14705643237583474 0.018994006946296053 0.29780784715653902 18.870000000000001 0.069337567679601017
decision_type=8 10 10 8 10 10 10 2 10 10 8 10 10 10
left_child=3 4 7 6 9 -6 12 -3 -4 -2 11 -5 -1 -12
right_child=1 2 8 10 5 -7 -8 -9 -10 -11 13 -13 -14 -15
leaf_value=-0.002571765248822383 -0.0021897301157111203 0.00650486855853343 -0.00092054092172665135 0.0023265084575295808 0.00048698963136591025 0.0041820106790705367 0.01776261971951169 0.0043966668662649248 0.0052524337120812108 0.00023799703057819074 -0.0024463412074100977 -0.00036211681037139146 -0.0039212509979341488 0.00042462555852813692
leaf_weight=1948.6427538925782 824.81767827435397 584.61683421907946 274.93994377367198 112.44144510477781 491.45522113051265 285.64201940782368 19.123508639633656 1260.263423409313 95.707319096662104 935.92081564594992 523.01595472963527 558.32326756324619 712.35724045149982 23.635927334427834
leaf_count=10425 4837 2206 1301 474 2695 1530 82 4843 400 5198 2468 2677 3740 112
internal_value=-0.0013351 0.00731363 0.0150852 -0.011899 0.000503607 0.00986427 -0.0157766 0.0186579 -0.00252827 -0.0035924 -0.00330956 0.00207066 -0.0162666 -0.0100254
internal_weight=8650.9 4753.36 2215.53 3897.54 2537.84 777.097 2680.12 1844.88 370.647 1760.74 1217.42 670.765 2661 546.652
internal_count=42988 23010 8750 19978 14260 4225 14247 7049 1701 10035 5731 3151 14165 2580
is_linear=0
shrinkage=0.105172


Tree=3
num_leaves=16
num_cat=0
split_feature=19 22 26 9 27 1 8 18 23 13 26 15 22 8 26
split_gain=74.789 21.7114 11.9133 9.74138 8.12454 7.81797 5.01247 4.00586 4.46651 3.67464 3.43992 3.16432 3.21477 2.17888 1.68005
threshold=0.072704313776873072 0.03169230814079 0.39025073941456462 0.32016541657157555 0.60910693395434079 0.16175735294117652 0.7825670026789181 -0.05212094128162003 0.017756591215450732 1.4442880100683937 0.33275196099767562 1.348352966705135 0.068711048812360398 0.37918073379245071 0.28253032048843568
decision_type=10 8 8 8 10 2 8 8 10 10 10 8 10 10 8
left_child=1 7 11 10 -5 9 -7 8 -1 -4 -3 13 -13 -2 -9
right_child=2 3 5 4 -6 6 -8 14 -10 -11 -12 12 -14 -15 -16
leaf_value=0.0038872295432983523 -0.0027490609701389559 -0.0022371533612718826 0.0010640764981282495 0.0021120813059826251 -0.0015328168038682144 0.0077033443482823127 -0.00041572815161003678 -0.0040572148953827523 -0.0028983983895960637 0.0038439400757793725 -0.00068880317631306233 0.0033309458863463679 0.00020942865588456476 0.00048278203954958481 -0.0034083118195437911
leaf_weight=18.906503753270954 132.32579065440223 1218.2610057252459 427.48783843964338 915.33963595121168 413.58764942293055 603.52686876989901 73.423015748150647 666.00203803088516 34.224847361445427 1025.6278949021362 1671.9730102899484 86.639940530061722 375.17437053564936 88.680363243445754 899.72257931483909
leaf_count=214 460 5111 1839 4634 2244 2129 234 3104 275 5245 9519 246 1938 352 5444
internal_value=-0.00151185 -0.00830614 0.0125665 -0.00431343 0.00310508 0.0164423 0.0258589 -0.0186715 0.00889683 0.0120093 -0.00774629 0.000382491 0.00542365 -0.00986159 -0.0196483
internal_weight=8650.9 5838.02 2812.89 4219.16 1328.93 2130.07 676.95 1618.86 53.1314 1453.12 2890.23 682.82 461.814 221.006 1565.72
internal_count=42988 30545 12443 21508 6878 9447 2363 9037 489 7084 14630 2996 2184 812 8548
is_linear=0
shrinkage=0.105172


Tree=4
num_leaves=16
num_cat=0
split_feature=19 9 26 27 19 1 21 27 5 9 15 17 26 17 27
split_gain=58.4426 14.4987 10.3644 7.87209 7.51732 6.75068 5.68534 4.40474 4.05023 3.03764 2.99243 2.724 2.68183 1.92207 1.2784
threshold=0.072704313776873072 0.32299031741112899 0.39025073941456462 0.60910693395434079 0.039000373644854848 0.15073801742919393 0.03213832011866407 0.83654724526328994 0.14590905244241623 0.18775433366610481 1.208875496625734 1.0034081333662883 0.32017520503521596 0.53638791496607841 0.35175141764097773
decision_type=10 8 8 10 10 2 8 10 10 10 10 10 10 8 10
left_child=1 4 10 6 9 11 -3 -7 -6 -1 14 -4 -12 -5 -2
right_child=2 3 5 13 8 7 -8 -9 -10 -11 12 -13 -14 -15 -16
leaf_value=-0.0039927672696573836 -0.0038656801374485194 -0.0004328817557555748 0.00152460525530375 0.0033462659148743028 -0.0013616594416731879 0.0065656219256065955 0.0033366204196330828 -0.00078000309160918154 -6.6375386903500707e-05 -0.0024681696176222555 0.0019272474471453938 0.0037271056365160405 -0.0006505664701430034 -0.0017626934062204731 -7.70453822856521e-05
leaf_weight=622.90533026820049 94.038734754081815 400.72716144099832 746.2141118501313 47.389857995323837 1036.540051382035 761.76309727458283 581.22937580593862 69.548706169240177 965.18623470328748 1773.3526077773422 338.76625882089138 552.5397025658749 195.95451774913818 410.68665047665127 54.060953639447689
leaf_count=4325 312 1642 3783 290 5276 2761 3481 264 5246 7965 1624 2639 820 2320 240
internal_value=-0.00158485 -0.00759152 0.0108589 0.00152954 -0.0105923 0.0144739 0.0068782 0.0219344 -0.00578169 -0.0145838 -0.000326451 0.00964756 0.00324332 -0.0097964 -0.0136296
internal_weight=8650.9 5838.02 2812.89 1440.03 4397.98 2130.07 981.957 831.312 2001.73 2396.26 682.82 1298.75 534.721 458.077 148.1
internal_count=42988 30545 12443 7733 22812 9447 5123 3025 10522 12290 2996 6422 2444 2610 552
is_linear=0
shrinkage=0.105172


Tree=5
num_leaves=16
num_cat=0
split_feature=22 22 26 8 34 26 38 16 18 23 35 35 35 33 30
split_gain=55.4308 10.8141 9.11945 6.71728 7.06499 5.56455 5.04556 3.72819 3.25462 4.44428 3.05838 2.84679 2.36679 2.25973 1.67388
threshold=0.062873317164884465 0.03169230814079 0.43594980727333671 0.28830282140060387 -0.0060695574782170794 0.33488094468352109 4.5000000000000009 1.3526658545001087 -0.05212094128162003 0.017756591215450732 3.1128483954983577 3.5206087096043843 2.9247730405531835 0.017442240721540329 20.165000000000003
decision_type=10 8 8 10 10 10 2 10 8 10 2 2 2 8 10
left_child=1 8 6 11 -5 14 13 -7 9 -1 -8 -4 -10 -2 -3
right_child=2 5 3 4 -6 7 10 -9 12 -11 -12 -13 -14 -15 -16
leaf_value=0.0037379844498208882 -0.0015264791012265164 -0.0015863285319275911 -0.0034125111566176976 0.006201466173636999 0.0027667132543282703 -0.00013504814391026611 0.0039847860137225653 -0.0024067421599290604 -0.00065553048965590272 -0.0025480416444742908 0.000673034693168514 0.0015172057626850043 -0.0032003687166388857 -0.00030512692509047879 -0.0026540571432165476
leaf_weight=18.906503753270954 167.39717681705952 1194.0934429096524 135.54681420093402 821.55189097858965 892.99021120741963 1946.2565393333789 157.74241656810045 200.87643097341061 111.35334417922422 34.224847361445427 409.39059285121039 521.56418507779017 1454.3712731665 384.52649353677407 200.11118975840509
leaf_count=214 345 5818 800 4039 2462 10846 1066 1140 898 275 2298 3247 7650 1238 652
internal_value=-0.00189394 -0.00882394 0.00833226 0.0120257 0.0154991 -0.00554084 0.000447531 -0.00214421 -0.0159654 0.00884113 0.00746573 0.00286494 -0.0168485 -0.00664969 -0.0107255
internal_weight=8650.9 5160.19 3490.71 2371.65 1714.54 3541.34 1119.06 2147.13 1618.86 53.1314 567.133 657.111 1565.72 551.924 1394.2
internal_count=42988 27493 15495 10548 6501 18456 4947 11986 9037 489 3364 4047 8548 1583 6470
is_linear=0
shrinkage=0.105172


Tree=6
num_leaves=15
num_cat=0
split_feature=22 22 9 9 15 16 18 17 10 17 13 20 18 5
split_gain=44.4564 12.935 7.21205 6.30955 5.74819 5.28008 4.77905 3.96925 3.93814 3.89641 3.74192 3.65895 3.23385 2.10663
threshold=0.074391972651631152 0.044826901004016338 0.4399994246859395 0.34437859705916057 1.1050097579654963 1.2261651476760105 -0.057622870833832211 2.4685459435052031 0.22329821076283021 1.0034081333662883 1.6037480252188165 0.12514401125471553 0.046936654814333297 0.13408014964566409
decision_type=10 8 10 10 10 10 8 10 10 8 10 10 10 8
left_child=1 8 5 6 -4 -3 11 10 13 -8 -5 -2 -10 -1
right_child=3 2 4 7 -6 -7 9 -9 12 -11 -12 -13 -14 -15
leaf_value=-0.0030648420238667679 0.0018744760089104261 -0.00016086626482672588 -0.00047356230600557588 0.0030295440112733025 0.0037686363910513524 -0.001752268844319944 -0.00051137858591036639 -0.0042575422062061099 -0.0010273553372249561 0.0013021535397532398 0.0063014047548788695 0.010277831725702225 -0.0031227060764134301 -0.0023603812737625399
leaf_weight=617.65939597319812 48.237952712923288 2355.2448398848064 106.50845836848021 798.64916438097134 118.93726256210357 360.24268552055582 544.54587600100785 32.518454389646649 1374.040481898468 478.59002935886383 649.67374140396714 22.292203268036246 314.26491982024163 829.49788712989539
leaf_count=3441 322 12303 526 2830 484 1622 2842 86 7159 2306 2819 96 1373 4779
internal_value=-0.0019966 -0.00691009 -0.0018739 0.00957545 0.0161455 -0.00339416 0.00343937 0.0140636 -0.0116133 0.00154632 0.0149061 0.0299324 -0.00808323 -0.0156864
internal_weight=8650.9 6076.4 2940.93 2574.51 225.446 2715.49 1093.67 1480.84 3135.46 1023.14 1448.32 70.5302 1688.31 1447.16
internal_count=42988 31687 14935 11301 1010 13925 5566 5735 16752 5148 5649 418 8532 8220
is_linear=0
shrinkage=0.105172


Tree=7
num_leaves=16
num_cat=0
split_feature=19 22 34 31 26 22 33 8 34 34 35 17 35 24 10
split_gain=35.1665 10.647 6.32429 8.22001 5.13392 5.05726 4.7275 5.35539 4.44274 3.40033 3.3288 2.95058 2.71879 1.66006 0.259841
threshold=0.072159366975793074 0.03169230814079 0.037943411761758646 6.9000000000000012 0.43594980727333671 0.12500155149520725 0.010446571617914848 0.41159929454252503 -0.029634489855421216 0.050158625801305819 2.1252508994976886 2.029169041380618 4.7950051124034525 10.500000000000002 0.54799768915733171
decision_type=10 10 10 10 10 10 8 10 10 10 2 10 2 2 10
left_child=1 10 4 9 8 -6 12 -8 -2 -4 13 -12 -3 -1 -5
right_child=2 6 3 14 5 -7 7 -9 -10 -11 11 -13 -14 -15 -16
leaf_value=-0.00045718213184731463 0.0020180377481980958 -0.00066023718446926965 0.0074762057490264594 -0.0034305854634183374 0.0014114211032046212 0.0060914954920752032 -0.00063738463956132681 0.0033722821002365694 -0.00069626608169688002 0.002610381447219264 -0.0024923955622695162 0.0018945285254941349 -0.0026738559190288419 0.0019233148500225625 0.0010335253702668482
leaf_weight=7.8040675860829634 344.71859546238557 480.98187800869346 57.684010934084654 20.783351108431816 1305.198443999514 444.11760097648948 3115.5380373997614 270.77763766143471 651.20612177858129 20.998382337391376 1600.9866270301864 25.438421313185245 285.46665204036981 7.386797308921814 11.816727727651594
leaf_count=174 2542 2749 104 132 6063 1804 15291 814 1666 202 9997 154 1194 12 90
internal_value=-0.00207692 -0.0067907 0.00746257 0.0321646 0.00643615 0.00986901 -0.00393468 -0.00222297 0.000342267 0.0506775 -0.0139758 -0.0144621 -0.0114126 0.0335379 -0.010623
internal_weight=8650.9 5794.38 2856.52 111.282 2745.24 1749.32 4152.76 3386.32 995.925 78.6824 1641.62 1626.43 766.449 15.1909 32.6001
internal_count=42988 30385 12603 528 12075 7867 20048 16105 4208 306 10337 10151 3943 186 222
is_linear=0
shrinkage=0.105172


Tree=8
num_leaves=16
num_cat=0
split_feature=22 22 26 34 34 26 30 27 18 10 23 35 30 17 19
split_gain=32.0635 9.29465 5.72463 5.15986 6.55265 4.63233 7.15811 4.58509 3.30021 5.27664 2.48647 2.28827 1.73864 2.10252 1.0014
threshold=0.074391972651631152 0.03169230814079 0.26293841781450289 0.037943411761758646 0.050158625801305819 0.20061109055888335 19.385000000000002 0.58844428682468275 -0.017086701308698989 0.23942876529918883 0.060865391948858767 2.5022549527413305 16.905000000000005 1.1068930572245363 0.1382077179807375
decision_type=10 8 8 10 10 10 10 10 8 10 10 2 8 10 10
left_child=1 8 12 7 -5 10 -7 -4 9 -1 -3 -10 13 -2 -14
right_child=2 5 3 4 -6 6 -8 -9 11 -11 -12 -13 14 -15 -16
leaf_value=-0.0023021647267591808 0.0057670934414166004 -0.0024155095919716962 0.0028621772136749072 0.0066899196974782157 -0.00034283583652182077 0.00011888094068588814 -0.0012262240850358602 -0.00070304083730408332 0.0011767068521598666 0.00086479767589844544 0.0023366795116452265 -0.0024720221454885461 -0.0031199170975498686 -0.0026222318088609002 0.0011846687143727925
leaf_weight=133.00415905797854 58.166496390476823 568.60589952836744 1990.095926665701 55.430660258978605 36.606624446809292 2568.1473494160455 1258.5348049560562 282.88608358381316 33.51281402958557 147.98975918907672 62.251908796839416 1304.3492361837998 99.155826407950372 26.14796812646091 26.01783563522622
leaf_count=1004 504 3044 8491 96 334 14133 5136 1166 280 1203 337 6550 406 194 110
internal_value=-0.00187961 -0.00605319 0.00794614 0.00943497 0.0340518 -0.00355448 -0.00215741 0.00840774 -0.0128932 -0.00226257 -0.0119256 -0.0150782 -0.00855422 0.0024781 -0.0164823
internal_weight=8650.9 6076.4 2574.51 2365.02 92.0373 4457.54 3826.68 2272.98 1618.86 280.994 630.858 1337.86 209.488 84.3145 125.174
internal_count=42988 31687 11301 10087 430 22650 19269 9657 9037 2207 3381 6830 1214 698 516
is_linear=0
shrinkage=0.105172


Tree=9
num_leaves=16
num_cat=0
split_feature=22 0 34 23 9 9 26 30 9 27 34 17 17 35 25
split_gain=24.8003 11.4229 5.18079 6.50508 3.79239 3.34033 3.24876 4.56673 2.95948 3.19193 1.32342 1.27711 0.762084 2.09244 0.598216
threshold=0.046484020374226852 0.46427500000000005 0.0024080131867990633 0.11671204812724335 0.17339885720684897 0.27301425272727947 0.21076066979077807 19.385000000000002 0.19576518086215774 0.045620417770973733 -0.049010731400799971 1.5730439414211599 0.71218306541685517 4.9523350215592421 1.6853336052545
decision_type=8 2 10 10 10 8 8 10 8 10 8 10 8 2 8
left_child=4 8 5 -4 12 -3 11 -8 10 -10 -2 -6 13 -1 -14
right_child=1 2 3 -5 6 -7 7 -9 9 -11 -12 -13 14 -15 -16
leaf_value=-0.0025902451891277366 -0.00018716457870215057 -0.00022000845095849288 -0.00039489780728830951 0.0045429639753474249 -0.0022241581513807521 0.0032309319610505389 -0.00058285266976434622 -0.0017838549125106221 0.0023672068499111121 -0.0003948926062264024 -0.0026534533371091211 0.0011237338054027395 -0.0027201920683003699 0.0024390523898313527 0.00095756552124984056
leaf_weight=48.830530310515314 37.805158819071949 284.52000072132796 1151.6381943169981 181.76099685952067 458.83383563254029 1798.5652168749366 1483.6673599192873 812.88006622344255 131.99394650803879 1618.556708825985 126.22239929204807 20.389226471073925 467.79902203194797 12.386937742121516 15.053752124309538
leaf_count=286 676 2124 2778 420 2076 9227 7892 3674 898 7900 1236 106 2909 102 684
internal_value=-0.00204341 0.00239093 0.00604271 0.000871102 -0.00918293 0.0093224 -0.00756764 -0.00587871 -0.00409247 -0.00278285 -0.0176657 -0.0155243 -0.0173025 -0.00476788 -0.0187584
internal_weight=8650.9 5331.06 3416.48 1333.4 3319.84 2083.09 2775.77 2296.55 1914.58 1750.55 164.028 479.223 544.07 61.2175 482.853
internal_count=42988 25259 14549 3198 17729 11351 13748 11566 10710 8798 1912 2182 3981 388 3593
is_linear=0
shrinkage=0.105172


Tree=10
num_leaves=16
num_cat=0
split_feature=9 9 33 26 23 16 38 26 30 28 26 22 26 33 5
split_gain=20.695 7.65412 5.80161 5.77269 7.34283 7.18707 4.91602 4.58027 3.97269 3.82849 3.18344 2.12461 1.57492 1.57774 0.707658
threshold=0.32016541657157555 0.18775433366610481 0.0092748671191494898 0.41816184440192811 0.12122490114518887 1.0610221671607933 4.5000000000000009 0.26293841781450289 19.600000000000005 0.25125000000000003 0.51890346894105654 0.041782492247000404 0.24146217147660959 0.011868612538686542 inf
decision_type=10 8 8 8 10 10 2 10 10 8 10 10 10 10 8
left_child=1 12 10 6 5 -5 8 -4 -2 -6 -3 -8 14 -14 -1
right_child=3 2 7 4 9 -7 11 -9 -10 -11 -12 -13 13 -15 -16
leaf_value=-0.0027296886185637008 -2.772702433241003e-05 -0.0024305305723099193 -0.0010245591943742005 0.0030961924086439071 0.0051353523595584639 -0.00050511472899393399 -0.0010703249965250006 -5.8928771909737182e-05 -0.0019205851808348593 0.008678106154967986 -0.00073805341845272279 0.0014844173159519378 0.00076334059808248885 -0.0022534672392509328 -0.0025956177187679915
leaf_weight=293.50337865855545 266.27340500615537 314.66531831584871 1251.7934236060828 1103.5397009938024 288.6315238121897 746.25219377782196 66.575661793351173 2854.7739313677885 218.24797348678112 25.830818701535463 254.70744604058564 397.5998970400542 56.446309907361865 479.28474753629416 32.777622628957033
leaf_count=1919 807 1646 5640 5355 1172 2544 516 14228 398 79 1444 2136 1474 3390 240
internal_value=-0.0021156 -0.00597725 -0.00427924 0.00473394 0.00773848 0.00516714 -0.00205388 -0.00288017 -0.00951093 0.0226516 -0.0142548 0.00559461 -0.0151119 -0.0113367 -0.0211071
internal_weight=8650.9 5537.95 4675.94 3112.95 2164.25 1849.79 948.697 4106.57 484.521 314.462 569.373 464.176 862.012 535.731 326.281
internal_count=42988 29981 22958 13007 9150 7899 3857 19868 1205 1251 3090 2652 7023 4864 2159
is_linear=0
shrinkage=0.105172


Tree=11
num_leaves=16
num_cat=0
split_feature=23 9 19 21 26 33 17 34 34 9 35 17 35 21 19
split_gain=15.3918 8.05846 5.34924 6.32221 5.25289 4.723 4.15607 4.70168 1.63356 1.50895 1.3552 1.27363 2.44035 0.698286 0.17291
threshold=0.075325740541747746 0.19576518086215774 0.10560087189427726 0.081056580903029252 0.27294483453426543 0.017442240721540329 0.57431022782935159 0.036449161784192004 -0.025567309138251167 0.16274330746430063 4.8072125472285014 0.94214937817845346 3.1128483954983577 0.018124104780838073 0.11510205205031225
decision_type=10 8 10 10 8 8 10 10 8 10 2 8 2 8 10
left_child=1 9 5 -4 11 -3 8 -8 -6 13 -11 12 -2 -1 -13
right_child=4 2 3 -5 6 -7 7 -9 -10 10 -12 14 -14 -15 -16
leaf_value=-0.0025066884610203391 0.0064987210749124068 -0.0014376573469163042 0.0075553497919279766 0.00031978408784588653 0.0028185841535104394 -0.00016459626028191219 0.0024516551436616573 0.0045952580837111201 -0.0036129147780720639 -0.0020009702366806238 -0.00076474870954120735 -0.0025482662608262581 -0.0014504986200441598 -0.0014896710476315939 -0.0001655430424529588
leaf_weight=183.16406320221722 24.923778186552227 1639.1027514273301 85.944541394710541 198.70217158552259 21.035890129860491 3870.1513420804404 1359.4483335185796 134.62352057173848 110.6526642870158 441.2063687350601 308.11015187809244 57.90723954886198 59.616638462524861 131.58538585295901 24.728511811699718
leaf_count=984 208 6853 294 786 210 18946 6432 378 422 2723 1796 328 352 2116 160
internal_value=-0.00160019 -0.00387444 -0.00231581 0.0116928 0.00706306 -0.00305143 0.00890978 0.0105079 -0.00873208 -0.0123001 -0.00955313 -0.0105086 -0.000637691 -0.0186297 -0.0198204
internal_weight=8650.9 6857.97 5793.9 284.647 1792.94 5509.25 1625.76 1494.07 131.689 1064.07 749.317 167.176 84.5404 314.749 82.6358
internal_count=42988 34498 26879 1080 8490 25799 7442 6810 632 7619 4519 1048 560 3100 488
is_linear=0
shrinkage=0.105172


Tree=12
num_leaves=16
num_cat=0
split_feature=22 2 10 31 27 31 5 24 35 34 35 17 5 24 30
split_gain=14.0886 7.29487 4.0158 4.82644 3.7857 3.57241 4.15754 3.33233 3.32315 2.99222 1.92422 2.51642 1.76679 1.19841 1.05519
threshold=0.044826901004016338 0.16778592180043408 0.22969424414024861 -2.5850000000000004 0.96749362292263374 -3.1249999999999987 0.14028957629646657 12.500000000000002 3.1724129285102545 0.037943411761758646 4.6793030274212821 1.7367602618918057 0.12047211548004479 10.500000000000002 15.105000000000002
decision_type=10 2 10 8 8 8 8 2 2 10 2 8 8 2 10
left_child=2 5 10 14 8 6 -2 -5 -3 -7 12 -12 -1 -6 -4
right_child=1 4 3 7 13 9 -8 -9 -10 -11 11 -13 -14 -15 -16
leaf_value=-0.0022781540618869289 -0.002197725280666044 0.0034321432524142799 0.00038465026017858869 -0.00049804447151350403 0.00046720383607233058 -0.00039668205402380868 0.00207688283059989 0.000396904322946966 0.0010993326365851559 0.001049294476824318 -0.00088778073404897689 0.0022337431665081496 -0.0016785222146397326 -0.0033187828756341101 -0.0032861520064928957
leaf_weight=304.28966927621514 84.583219997119159 761.38704120833427 19.4251005994156 1375.616989523638 40.776750069111586 2962.7486354694702 223.63009806210175 20.990258555859327 1265.9314783597365 92.309147872030735 571.19206536468118 25.698211060138419 658.85474338172935 61.314352035522461 182.15559183806181
leaf_count=2207 374 3407 252 7317 327 14236 1221 28 4735 554 3156 536 4039 82 517
internal_value=-0.0014797 0.00172941 -0.00708066 -0.00331774 0.00655098 -0.00130471 0.00944201 -0.00107287 0.00756615 -0.00241009 -0.0108943 -0.00600992 -0.0138539 -0.0129678 -0.0185426
internal_weight=8650.9 5492.68 3158.22 1598.19 2129.41 3363.27 308.213 1396.61 2027.32 3055.06 1560.03 596.89 963.144 102.091 201.581
internal_count=42988 24936 18052 8114 8551 16385 1595 7345 8142 14790 9938 3692 6246 409 769
is_linear=0
shrinkage=0.105172


Tree=13
num_leaves=15
num_cat=0
split_feature=22 0 26 27 31 10 24 26 30 34 35 24 22 16
split_gain=13.0413 5.60137 4.20694 4.48625 3.96336 4.89153 3.29724 3.13203 2.89696 2.84462 1.78633 1.78161 1.26018 0.827658
threshold=0.044826901004016338 0.60852500000000009 0.37016604212430548 0.96749362292263374 -3.1249999999999987 0.22969424414024861 12.500000000000002 0.20061109055888335 19.565000000000001 0.031791022825298672 4.6793030274212821 10.500000000000002 0.052753239487811597 0.78633350849650763
decision_type=10 2 8 8 8 10 2 8 10 8 2 2 10 10
left_child=4 7 9 -4 11 10 -7 12 -9 -3 -6 13 -2 -1
right_child=1 2 3 -5 5 6 -8 8 -10 -11 -12 -13 -14 -15
leaf_value=0.00045376986292749538 0.0013982774062545088 5.9363071501464032e-05 0.0027017362500218536 -0.00094295589402945863 -0.0017981038602579188 -0.00044566423558262775 0.00035516117897677209 0.00015081903305647445 -0.00068726894897318041 -0.0025527698932870844 -0.00053940877664026437 -0.0022331747121172559 -0.0034647312663926731 -0.0017124367201376005
leaf_weight=32.927678555250168 47.3171541322954 348.53817408205941 1561.7872093743645 98.159857672639191 868.47601937851869 1394.2552231759764 20.990258555859327 2352.3494530529715 891.98877422232181 62.281407164409757 521.32395063363947 156.25496332906187 130.25869337236509 163.99453597143292
leaf_count=210 260 1646 6084 366 5812 7417 28 11938 3618 184 3364 170 840 1051
internal_value=-0.00124048 0.00184693 0.00616742 0.00853615 -0.00662983 -0.00527453 -0.000872836 -0.000749326 0 -0.00324939 -0.00971065 -0.017207 -0.0143423 -0.010004
internal_weight=8650.9 5492.68 2070.77 1659.95 3158.22 2805.05 1415.25 3421.91 3244.34 410.82 1389.8 353.177 177.576 196.922
internal_count=42988 24936 8280 6450 18052 16621 7445 16656 15556 1830 9176 1431 1100 1261
is_linear=0
shrinkage=0.105172


Tree=14
num_leaves=16
num_cat=0
split_feature=21 22 28 19 26 9 5 9 18 9 37 22 19 33 26
split_gain=11.8578 7.63528 5.6314 5.86643 4.19193 4.4133 3.97674 3.40471 2.65384 2.41613 3.181 1.40751 2.73366 0.991654 0.229113
threshold=0.015555337948495519 0.098495980893818377 0.081550000000000025 0.095990162031699605 0.20061109055888335 0.42280689171455738 -0.41033992366800859 0.40184504119369341 0.032664944773658118 0.16274330746430063 1.0000000180025095e-35 0.04561078885075872 0.044385721617420403 0.012709257781763685 0.12810920419655783
decision_type=10 10 8 10 10 8 8 8 8 10 2 8 10 10 8
left_child=8 4 3 -3 6 -6 -2 -4 9 13 -11 14 -13 -1 -10
right_child=1 2 7 -5 5 -7 -8 -9 11 10 -12 12 -14 -15 -16
leaf_value=0.00055719990751190013 0.0019771679916836277 0.0043546264101366394 0.0065828476468163567 0.00024137278032800832 -0.00016178353635319168 0.0014314368091082402 -0.0015439305154253422 0.0053405437624615901 -0.0022828897431295728 0.00016666760609692515 -0.0011566915063870864 0.0034294747533093568 -0.0021007990940972543 -0.0021531115329393113 -0.0026548916301168735
leaf_weight=9.2295106584206206 21.467324108816683 217.25058728456497 87.681459883227944 928.38495578337461 4460.9831713410094 651.78032792313024 846.6230587316677 119.39466275461018 17.275823447853327 409.38144751405343 461.78271237621084 14.987003056798128 25.701447180472314 133.98552126716822 244.99433936178684
leaf_count=1670 62 724 366 3888 21168 2744 3830 475 120 2186 2527 1220 343 690 975
internal_value=-0.00115765 0.000484499 0.00762559 0.0046698 -0.00112024 1.48366e-05 -0.00787688 0.023655 -0.0103462 -0.00765932 -0.00547617 -0.019124 0 -0.0204748 -0.0219488
internal_weight=8650.9 7333.57 1352.71 1145.64 5980.85 5112.76 868.09 207.076 1317.34 1014.38 871.164 302.959 40.6885 143.215 262.27
internal_count=42988 33257 5453 4612 27804 23912 3892 841 9731 7073 4713 2658 1563 2360 1095
is_linear=0
shrinkage=0.105172


Tree=15
num_leaves=16
num_cat=0
split_feature=22 31 26 23 27 34 31 26 34 0 24 31 27 10 13
split_gain=9.60961 4.34689 4.10116 4.81132 4.15303 4.13397 3.88977 3.39112 3.52648 2.28979 2.04281 1.65953 0.898543 0.851103 0.0740002
threshold=0.044826901004016338 -3.1249999999999987 0.37016604212430548 0.11671204812724335 0.075239701550467067 0.031791022825298672 0.6950000000000004 0.25661668753826328 -0.013252614868770605 0.44382500000000003 10.500000000000002 0.90000000000000047 0.091236115408589322 0.15054253632794257 0.86957596624541444
decision_type=8 10 8 10 10 8 10 8 10 2 2 10 10 8 10
left_child=1 10 5 6 -5 9 -4 11 -9 -2 12 -3 -1 -7 -12
right_child=2 7 3 4 -6 13 -8 8 -10 -11 14 -13 -14 -15 -16
leaf_value=0.0019094451941654811 -0.00083153802204916278 -0.0018465632956778594 0.00091106081988981727 -0.0059809442808389643 0.0044958000958110166 0.0046768293866559013 -0.00014094676724400276 0.00026397811005127576 -0.0010316451072584865 0.00031593133401460757 -0.0022842463439927034 -0.00075373171064473967 -0.0012656452702952199 -0.0015702667355912462 -0.0016784546841876751
leaf_weight=22.037025763187557 612.26596358371899 304.58333464711905 1432.9216526115779 61.107099208515137 390.68107635714114 7.0796633553691199 2174.8633579672314 872.26504003675655 1057.9132863618433 697.21029952261597 49.949702620506287 472.47484061401337 199.9844914493151 139.31155524519272 156.25496332906187
leaf_count=441 2525 1638 7153 347 1768 238 9808 6897 3782 2985 74 1656 2094 1412 170
internal_value=-0.00145592 -0.00610803 0.0011774 0.00290345 0.0131524 -0.00359191 0.00160191 -0.00451735 -0.00211397 -0.00166416 -0.0160106 -0.0104041 -0.00854654 -0.0203811 -0.0237263
internal_weight=8650.9 3135.46 5515.44 4059.57 451.788 1455.87 3607.79 2707.24 1930.18 1309.48 428.226 777.058 222.022 146.391 206.205
internal_count=42988 16752 26236 19076 2115 7160 16961 13973 10679 5510 2779 3294 2535 1650 244
is_linear=0
shrinkage=0.105172


Tree=16
num_leaves=16
num_cat=0
split_feature=21 20 14 1 35 10 17 33 8 33 8 38 20 31 30
split_gain=9.15313 4.927 3.35462 3.34122 3.54888 2.96567 1.9348 1.89114 1.90934 1.8943 1.81609 1.20668 0.786979 1.94061 0.47185
threshold=0.015555337948495519 0.095862254283806639 1.2774143359100629 0.076324561403508781 2.5277265672899651 0.25033403016184785 0.68196586126892889 0.035538486809739707 0.1719677444272569 0.012709257781763685 0.14437093947291077 4.5000000000000009 0.029249184294027456 -4.089999999999999 16.355000000000004
decision_type=10 10 10 2 2 10 10 8 10 10 8 2 8 8 8
left_child=6 3 11 10 -5 -4 12 9 -9 -8 -2 -3 14 -14 -1
right_child=1 2 5 4 -6 -7 7 8 -10 -11 -12 -13 13 -15 -16
leaf_value=-0.0015755563690909656 -0.0027515694549599917 -0.0042414106025520865 -0.0004785846469811349 0.0026531270241893262 -3.0681600226152689e-05 0.0027928643959973208 -0.00043797585453814864 -0.0014547165158040195 5.5547863856949822e-05 -0.0018392105525987545 -0.00063478550914238734 0.0018138894798370329 0.00031809082964412536 -0.0016417030061269225 -0.0025637572417492593
leaf_weight=22.766494330950081 82.798208363354206 109.30074393190444 206.7354234312661 255.34877274092287 4009.7844820022583 931.2700342843309 196.58293232414871 165.05975334718823 411.77081436058506 314.52211765386164 1640.2142941891216 98.113588867243379 10.335146415978668 52.743435258977115 143.55711117107421
leaf_count=234 732 329 1025 1372 17126 3517 1075 2218 3000 861 8490 666 26 1706 611
internal_value=-0.00132393 0.000117563 0.00587601 -0.00116583 0.000399496 0.00814224 -0.00939556 -0.00744395 -0.00316532 -0.0121463 -0.00507695 -0.0062498 -0.0183626 -0.00681308 -0.022351
internal_weight=8650.9 7333.57 1345.42 5988.15 4265.13 1138.01 1317.34 1087.94 576.831 511.105 1723.01 207.414 229.402 63.0786 166.324
internal_count=42988 33257 5537 27720 18498 4542 9731 7154 5218 1936 9222 995 2577 1732 845
is_linear=0
shrinkage=0.105172


Tree=17
num_leaves=14
num_cat=0
split_feature=21 9 23 20 30 7 5 34 33 39 21 23 26
split_gain=7.87783 4.86734 3.50145 5.28784 3.85136 3.37921 3.16772 1.72482 1.85588 2.02162 1.83029 1.645 1.0063
threshold=0.015555337948495519 0.32016541657157555 0.13535302075779501 0.18542829322567181 16.565000000000001 0.13705561913625772 -0.41033992366800859 0.050158625801305819 0.035538486809739707 3.5000000000000004 0.01240923857792345 0.030348995726313919 0.40173319368528443
decision_type=10 10 10 10 10 8 8 10 10 2 8 10 10
left_child=7 5 4 -4 -3 12 -7 8 9 -1 -10 -9 -2
right_child=1 2 3 -5 -6 6 -8 11 10 -11 -12 -13 -14
leaf_value=-0.0015623954562323469 -0.0031454861830562736 0.0024991338069583068 0.0046878630938561282 -0.0048969687234782094 4.9231408137795719e-06 0.0017872761307993049 -0.00027179344387145038 -0.00072058852259637468 -0.00030010849958148522 0.00028463664300578241 -0.0014546441974202498 0.00095860039863237634 0.00012447076459361572
leaf_weight=585.90448483894579 93.617322126403451 601.5955580859445 191.28173599299043 76.492950383573771 2075.2061997978017 28.13140725158155 4248.3408112414181 16.564063012599949 411.10046894475818 33.61739180306904 258.8557588942349 11.295637369155882 18.899562930688262
leaf_count=5027 459 3568 752 295 7468 120 20207 124 2380 544 1598 58 388
internal_value=-0.00128456 5.20762e-05 0.0033683 0.014872 0.00219299 -0.00215843 -0.00166851 -0.00877254 -0.00936399 -0.0135814 -0.00536715 0.0162322 -0.0201857
internal_weight=8650.9 7333.57 2944.58 267.775 2676.8 4388.99 4276.47 1317.34 1289.48 619.522 669.956 27.8597 112.517
internal_count=42988 33257 12083 1047 11036 21174 20327 9731 9549 5571 3978 182 847
is_linear=0
shrinkage=0.105172


Tree=18
num_leaves=15
num_cat=0
split_feature=21 26 23 28 28 27 27 18 17 18 33 23 19 7
split_gain=6.33759 4.62721 3.54831 3.37615 3.16335 3.96825 2.96299 1.9112 2.00663 2.19464 1.38275 1.13299 1.49545 0.825688
threshold=0.015555337948495519 0.20061109055888335 0.088140405707463468 -0.019599999999999975 0.010899999999999939 0.2479408976784355 0.070136380554881875 0.033728633052021235 0.70452416726049316 0.027305230081466129 0.049016126982491699 0.021891649378973425 0.022166129769585142 0.18517756377792263
decision_type=10 8 10 8 10 10 10 8 10 10 8 8 10 10
left_child=7 4 6 -4 10 -6 -3 8 13 -10 -2 -9 -13 -1
right_child=1 2 3 -5 5 -7 -8 11 9 -11 -12 12 -14 -15
leaf_value=-0.0006515343113631494 -0.0026332381074436638 0.00084947433920739689 -0.00018551962727667289 0.0025845611555526198 -0.0010541454555954032 0.0020832563145804965 -0.00018421835637714767 -0.0024721582667228781 -0.00053470273649396983 0.00048739262730454697 -0.0010845270737437265 0.00032376335639657271 -0.0013824664341504003 -0.0023699877571335148
leaf_weight=45.782197939697653 218.05623206868768 552.09022210538387 293.65547650167719 906.62111453246325 83.452809322625399 35.701356898993254 5034.0897497544065 122.12286084285006 797.29706189967692 51.827945297583938 209.89858662616462 34.380899126175791 132.36064331280068 133.5661964439787
leaf_count=378 656 2493 1210 3839 400 188 23163 525 5669 272 1308 1288 753 846
internal_value=-0.00106163 0.000136457 0.000895132 0.00608453 -0.00915601 0.00562341 -0.000208739 -0.0077784 -0.00555696 -0.00332547 -0.0134192 -0.0154605 -0.00916848 -0.0157559
internal_weight=8650.9 7333.57 6786.46 1200.28 547.109 119.154 5586.18 1317.34 1028.47 849.125 427.955 288.864 166.742 179.348
internal_count=42988 33257 30705 5049 2552 588 25656 9731 7165 5941 1964 2566 2041 1224
is_linear=0
shrinkage=0.105172


Tree=19
num_leaves=14
num_cat=0
split_feature=8 21 9 12 18 18 22 18 7 26 8 26 26
split_gain=4.9593 4.42221 3.23919 4.83974 3.25397 2.19127 2.09885 1.98487 0.450813 0.981581 0.577951 0.297781 0.282072
threshold=0.14437093947291077 0.015555337948495519 0.45308491973396015 0.1090167988084039 0.14035222713346943 0.017027676028883335 0.024762809507080236 0.014245565782264659 0.13705561913625772 0.1761724599496477 0.14022973966789642 0.65752561320488268 0.53451642002297972
decision_type=8 10 10 10 10 8 8 10 10 8 10 10 10
left_child=8 5 3 -3 -4 7 -7 -2 11 10 -10 -1 -11
right_child=1 2 4 -5 -6 6 -8 -9 9 12 -12 -13 -14
leaf_value=-0.002559262749794062 -0.00059206086747228416 5.0963874527132981e-05 0.0015634337947859143 -0.0014347116277157929 0.0087429585110547769 -0.0021316426803150114 -0.00057726610911341568 0.0017905819322192726 0.000729705843223138 -0.0020640820163103702 -0.0019176058539423515 -0.00025969253737862972 -0.00019247699728925947
leaf_weight=113.2550529842265 705.81904980447143 5651.8726217122748 849.72929585305974 674.68399752490222 53.91996047552675 200.85189773654565 308.78729896899313 40.934090632945299 4.8887507198378435 26.258730622008443 2.4293867591768503 8.1708453856408578 9.3023734935559315
leaf_count=1100 4427 25651 3370 3208 170 981 2673 220 198 534 38 170 248
internal_value=-0.00102728 -0.000668974 0.000323546 -0.000508602 0.00621836 -0.00643017 -0.0117834 -0.00269013 -0.0191287 -0.00742513 0.0240765 -0.0227246 -0.0157654
internal_weight=8650.9 8486.6 7230.21 6326.56 903.649 1256.39 509.639 746.753 164.305 42.8792 7.31814 121.426 35.5611
internal_count=42988 40700 32399 28859 3540 8301 3654 4647 2288 1018 236 1270 782
is_linear=0
shrinkage=0.105172


Tree=20
num_leaves=11
num_cat=0
split_feature=7 20 18 20 16 10 18 35 18 24
split_gain=4.17534 3.71639 4.64259 5.21207 3.64223 3.37206 3.1419 2.98231 0.409142 0.314396
threshold=0.13218959815471157 0.12154832900632752 -0.052885375598361643 0.19900608695027122 1.2136789631752369 0.61894188552139484 -0.012143532959803858 1.6399666470845584 0.028369690445408494 7.5000000000000009
decision_type=8 10 8 10 10 10 10 2 8 2
left_child=8 4 3 -3 7 -6 -4 -2 9 -1
right_child=1 2 6 -5 5 -7 -8 -9 -10 -11
leaf_value=-0.0011465381329128694 0.0079285595528160047 0.0080623214078375579 -0.0018139151593171221 -0.0056198043133210635 -0.0011508529935543141 0.00030555170982760093 0.002385388506523737 -8.5633386196147176e-05 0.0020257059454894121 -0.002431445772278224
leaf_weight=23.486448055598885 35.019909090828151 102.95008142106235 174.62417675042525 20.599002943374217 843.42502409871668 275.61490856623277 396.9417078346014 6676.4272330123931 7.162077327258884 94.652783572673798
leaf_count=908 192 392 862 68 4360 1150 1879 32777 106 294
internal_value=-0.000944734 -0.000656743 0.00669728 0.0252281 -0.00131777 -0.00687549 0.00257439 -0.000381523 -0.0200069 -0.0215117
internal_weight=8650.9 8525.6 695.115 123.549 7830.49 1119.04 571.566 6711.45 125.301 118.139
internal_count=42988 41680 3201 460 38479 5510 2741 32969 1308 1202
is_linear=0
shrinkage=0.105172


Tree=21
num_leaves=14
num_cat=0
split_feature=26 34 34 26 35 35 22 31 19 27 17 19 33
split_gain=4.80814 3.42424 5.13269 4.04461 3.81223 4.81987 3.55033 3.43868 3.10494 2.49359 3.66486 2.20507 1.49295
threshold=0.20061109055888335 -0.013252614868770605 -0.01671654375609288 0.41080728436812985 4.2086400170733214 3.7430124556830138 0.033667380795263331 2.2649999999999992 0.14731325642241913 0.22521128921151504 1.0731462414685864 0.17027362410160748 0.030107710602059082
decision_type=10 10 10 10 2 2 8 10 10 8 10 10 10
left_child=8 2 6 -4 5 -3 -2 -6 9 12 -11 -10 -1
right_child=1 4 3 -5 7 -7 -8 -9 11 10 -12 -13 -14
leaf_value=-0.0020775322811955794 -0.00096709745083544947 -0.00039810618046345767 0.00041538621061166912 0.0048622430173723185 -4.3508753476702219e-05 0.00055911916958492549 0.00026845850009723035 -0.0010328193637582511 0.014188925996440248 -0.0014532148029500638 0.0016703177281563297 -0.00065814748783613974 -0.0010672053512007212
leaf_weight=293.99293930130079 578.09422325808555 1179.0005256319419 249.18219795729965 209.6427295114845 903.54505973681808 544.18399065174162 2546.8800279882271 1128.6389647182077 19.272232694085687 322.50721905683167 188.95024252915755 15.50053424015641 471.51246539782733
leaf_count=1422 4990 3806 462 396 2420 1770 18484 3744 94 2065 806 87 2442
internal_value=-0.000839646 0.000200286 0.00253352 0.01293 -0.00200953 0.00160151 0.000986172 -0.00510247 -0.00670546 -0.00758865 -0.00175471 0.0237908 -0.0114026
internal_weight=8650.9 7339.17 3583.8 458.825 3755.37 1723.18 3124.97 2032.18 1311.74 1276.96 511.457 34.7728 765.505
internal_count=42988 36072 24332 858 11740 5576 23474 6164 6916 6735 2871 181 3864
is_linear=0
shrinkage=0.105172


Tree=22
num_leaves=14
num_cat=0
split_feature=9 23 22 11 22 12 16 17 35 22 33 24 33
split_gain=5.14547 3.35382 5.28453 4.14817 3.55056 3.14772 1.61883 1.19084 2.7023 0.916212 0.855339 0.706619 0.373927
threshold=0.16118606555163892 0.14214063863865564 0.13879168933336614 0.77999997552052591 0.17504001180174014 0.11357962574313106 1.1661723756451234 0.86661313512395799 5.692300105571217 0.021629584279826256 0.010041022223061248 11.500000000000002 0.075152843781264314
decision_type=8 10 10 10 10 10 10 10 2 10 10 2 10
left_child=7 4 6 -4 5 -2 -3 8 9 -1 11 -9 -12
right_child=1 2 3 -5 -6 -7 -8 10 -10 -11 12 -13 -14
leaf_value=-0.0016354541956568158 8.6841010110480149e-06 0.009735911270557656 -0.00075140585476211994 0.0050186243305512723 0.007321081129660287 -0.00097916193213271356 0.0071278085967459983 -0.0028340213667999545 3.8782931436702916e-05 -0.0010304607918044197 -0.0015651603930684577 0.0013423360765565371 -0.0010043833710265935
leaf_weight=40.871240206528455 7046.9931752411649 20.697182646952569 160.61477403715253 18.657698482275009 17.726596344262362 1059.373292974662 21.420141458511353 7.4925410477444512 13.67224446730688 51.654584111180156 137.17476391047239 2.7557554244995117 51.799362320452929
leaf_count=340 33079 158 899 60 64 5262 30 1330 100 648 506 4 508
internal_value=-0.000766099 -0.000267545 0.0124854 0.00420154 -0.000623126 -0.000734125 0.0460821 -0.0141738 -0.00437421 -0.0113704 -0.019072 0.00602632 -0.0207716
internal_weight=8650.9 8345.48 221.39 179.272 8124.09 8106.37 42.1173 305.42 106.198 92.5258 199.222 10.2483 188.974
internal_count=42988 39552 1147 959 38405 38341 188 3436 1088 988 2348 1334 1014
is_linear=0
shrinkage=0.105172


Tree=23
num_leaves=14
num_cat=0
split_feature=8 9 12 18 38 7 28 7 28 4 24 21 35
split_gain=4.55263 3.14249 4.64637 4.61614 6.16432 3.21587 2.3384 0.487965 0.818402 0.587061 0.400933 0.388647 0.0993304
threshold=0.14437093947291077 0.47892777952176085 0.11357962574313106 0.14035222713346943 4.5000000000000009 0.32331081457209049 0.034149999999999993 0.13705561913625772 0.023149999999999993 0.19444373106183624 8.5000000000000018 0.015365019129786861 2.9678469378950765
decision_type=8 10 10 10 2 10 8 10 10 8 2 8 2
left_child=7 2 5 4 -3 -2 -4 10 9 -9 12 -10 -1
right_child=1 3 6 -5 -6 -7 -8 8 11 -11 -12 -13 -14
leaf_value=0.0037630156288532492 -0.00019478844218564058 -0.0012786816689561928 -0.00074779617350386569 0.0065511098142969366 0.0035584967871158339 0.00029806596757787332 -0.0029277684117023257 -0.0015716704400433651 0.00041262708250425694 0.00088258291459748382 -0.0019607119663288116 -0.0014534406065721415 -0.0013383543517321054
leaf_weight=2.2350773182697621 5251.0745205474086 335.2792739700526 555.79505936382338 43.387307858094573 333.75764790922403 1761.653012889903 205.65139017021284 31.533795416820794 3.4219970973208538 5.3837805371731511 92.980550944805145 2.5396685432642698 26.21027010679245
leaf_count=52 27929 910 3036 146 1878 5887 914 560 40 238 242 180 976
internal_value=-0.000826559 -0.000483009 -0.00110261 0.00618812 0.00392183 -0.000246002 -0.00890683 -0.0181671 -0.00625178 -0.0132838 -0.0218394 0.026112 -0.0073744
internal_weight=8650.9 8486.6 7774.17 712.424 669.037 7012.73 761.446 164.305 42.8792 36.9176 121.426 5.96167 28.4453
internal_count=42988 40700 37766 2934 2788 33816 3950 2288 1018 798 1270 220 1028
is_linear=0
shrinkage=0.105172


Tree=24
num_leaves=15
num_cat=0
split_feature=9 14 12 8 12 7 34 5 18 26 38 26 22 18
split_gain=4.4718 4.57911 6.16927 3.089 2.48269 6.39928 3.8913 2.07961 0.924557 1.68205 1.18061 0.373489 0.411139 0.239362
threshold=0.56748118128502134 1.3422218494175533 0.23499688270510852 0.13453111835005943 0.11357962574313106 0.63307616002030576 -0.030644011047394889 0.14108322457053454 0.0026271351858071505 0.6270633395786992 4.5000000000000009 0.66645335292698737 0.013046710503894826 -0.025407651348483658
decision_type=10 10 10 8 10 10 10 8 10 8 2 10 10 8
left_child=3 8 7 11 5 -5 -6 -3 10 -10 -2 12 -1 -4
right_child=1 2 13 4 6 -7 -8 -9 9 -11 -12 -13 -14 -15
leaf_value=1.4189171913154536e-06 -0.0023407616688205833 0.0086531297637432846 -0.0025130271749856602 -4.5796604171327923e-05 0.0025819240078497701 0.013040007923736597 -0.0014552157332311068 0.0075690251466980774 -0.0008662207369947118 0.0063909349451240884 0.002250010109054098 0.00086657295426484414 -0.0017545003501719357 0.0001259505963512003
leaf_weight=5.2180105191655448 45.622371820732951 39.423061008565128 19.468961490318179 7295.1891960720532 98.887081697583199 18.492461264133453 829.48269562236965 50.21194208599627 57.104168866761029 23.257961991243064 42.770221734419465 6.1778202736750236 101.17234227620065 18.425055949948728
leaf_count=304 134 109 62 35306 762 28 4034 192 309 104 226 154 1176 88
internal_value=-0.000787732 0.0118857 0.0269168 -0.00124499 -0.00100033 -0.000340776 -0.00612715 0.0420445 0.000135705 0.00864768 -0.00689136 -0.0185673 -0.0200871 -0.00723679
internal_weight=8650.9 296.284 127.529 8354.62 8242.05 7313.68 928.37 89.635 168.755 80.3621 88.3926 112.568 106.39 37.894
internal_count=42988 1224 451 41764 40130 35334 4796 301 773 413 360 1634 1480 150
is_linear=0
shrinkage=0.105172


Tree=25
num_leaves=11
num_cat=0
split_feature=26 18 5 18 30 34 8 19 11 11
split_gain=3.27796 3.04542 4.95134 3.00476 3.02278 3.82127 3.00958 1.5183 2.16729 1.15202
threshold=0.20061109055888335 -0.057622870833832211 0.14479424804487498 0.17486990883204037 19.385000000000002 0.037943411761758646 0.14437093947291077 0.14731325642241913 0.28290596029892745 0.48699090509624271
decision_type=10 8 10 10 10 8 8 10 8 8
left_child=1 2 -1 4 6 -6 -2 8 -3 -9
right_child=3 7 -4 -5 5 -7 -8 9 -10 -11
leaf_value=-0.0001617938988796362 -0.0012218510550225533 -0.00047523717837209839 0.010669300572116625 0.0038456877294398947 -0.00049027473232791116 0.00054347706934085066 0.00019264645915432286 0.011920474922970768 -0.0017210448003923283 -0.000130901974793562
leaf_weight=32.878097254782915 79.929721089545637 782.67472407082096 25.81543417647481 33.134499683976173 2219.1282001920044 243.35116095934063 4763.6241375289392 14.395942220930012 440.87009501713328 15.101340479217468
leaf_count=134 1380 3983 96 132 8550 1274 24736 106 2536 61
internal_value=-0.000838277 -0.0056806 0.0173995 1.87044e-05 -0.000116378 -0.00312446 0.00139995 -0.00681448 -0.00741925 0.0160337
internal_weight=8650.9 1311.74 58.6935 7339.17 7306.03 2462.48 4843.55 1253.04 1223.54 29.4973
internal_count=42988 6916 230 36072 35940 9824 26116 6686 6519 167
is_linear=0
shrinkage=0.105172


Tree=26
num_leaves=16
num_cat=0
split_feature=26 28 28 33 9 21 31 30 5 35 19 19 33 28 24
split_gain=3.21503 2.55459 4.66729 3.88916 3.64903 2.35502 3.53497 5.94658 3.39492 3.9993 2.64201 1.28814 0.99833 1.10838 0.877842
threshold=0.19736989511647099 0.011200000000000003 0.029700000000000035 0.039096644025027112 0.29905291101607884 0.033131347006487254 6.4800000000000013 26.625000000000004 0.14705643237583474 5.9109862982134986 0.037634191172781779 0.12064235926431777 0.015934083287543647 -0.0016500000000000124 9.5000000000000018
decision_type=10 8 8 8 10 10 10 10 8 2 8 10 10 10 2
left_child=1 12 3 -3 -4 8 7 -7 10 -10 -2 -8 14 -14 -1
right_child=5 2 4 -5 -6 6 11 -9 9 -11 -12 -13 13 -15 -16
leaf_value=-0.00011713477785496717 -0.00038681234492170068 0.0015146181483797017 -0.00099212054077068255 5.1251238858467057e-05 0.0026173921556543172 0.00026628845318196011 -0.001411349982633515 0.0018639689094815377 -4.5263641092109477e-05 0.0023081337412275207 -0.0013141555082080384 0.0018170511320387526 -0.00098368953773475022 -0.001271917821956891 -0.001755264573163507
leaf_weight=26.475475200684741 936.2619969593361 48.634475471451879 446.34965222096071 55.247848076280206 138.01290888059884 3802.6776005006395 297.6811478510499 21.391322135925293 1499.0413997806609 111.94622654700652 648.09190714522265 53.68818723410368 368.60669873002917 113.37101365253329 83.425492286682129
leaf_count=1050 4496 130 2063 454 597 16737 1214 24 9452 665 3440 202 1798 548 118
internal_value=-0.000713999 -0.0055798 -0.00111906 0.0192815 -0.00485865 0.000122614 0.0017752 0.00271536 -0.00201707 0.00135116 -0.00548156 -0.00827325 -0.0106581 -0.00836151 -0.0201257
internal_weight=8650.9 1280.12 688.245 103.882 584.363 7370.78 4175.44 3824.07 3195.34 1610.99 1584.35 351.369 591.879 481.978 109.901
internal_count=42988 6758 3244 584 2660 36230 18177 16761 18053 10117 7936 1416 3514 2346 1168
is_linear=0
shrinkage=0.105172


Tree=27
num_leaves=14
num_cat=0
split_feature=8 16 34 21 34 35 35 28 18 17 18 24 10
split_gain=3.21741 2.53881 4.27406 6.1973 4.9662 1.76392 1.85221 1.60928 0.6426 0.70022 0.67585 0.386541 0.0904162
threshold=0.14437093947291077 1.3277633398352269 0.037943411761758646 0.024596926251775154 0.019100273534476523 3.7313400981262581 4.1981789110627838 -0.039649999999999984 -0.0036532507104256036 1.3561796257973815 -0.0096543501940864456 7.5000000000000009 0.12191691474778393
decision_type=8 10 10 8 10 2 2 8 10 8 10 2 10
left_child=8 2 4 -4 -2 7 -7 -3 9 10 -1 12 -10
right_child=1 5 3 -5 -6 6 -8 -9 11 -11 -12 -13 -14
leaf_value=-0.00095866197587775998 8.9973066121801123e-05 0.00031168119698496969 0.0033374391049160392 0.00055949528779299887 -0.0008680028848702425 0.0010654289325016399 -0.00046671769110367961 -0.0024328228964901485 -0.00199170914872403 0.00041863822550979003 0.00029758022913734856 -0.0015344094925575859 0.0003447267595144888
leaf_weight=29.049253823701292 6546.4536494086497 51.106233969796449 30.613730348646641 140.31479189544916 1122.6878343690187 99.308732142671943 335.15790362982079 160.95533694466576 10.385649839416148 4.9948601797223082 9.8777897674590331 100.40737956762314 9.5902067865245026
leaf_count=642 34428 368 118 694 1812 592 1552 1136 528 118 228 314 458
internal_value=-0.000626748 -0.000336756 0.000177835 0.0166215 -0.000180803 -0.00667291 -0.00265342 -0.0146009 -0.0152042 -0.0025497 -0.00864858 -0.0192862 -0.00203927
internal_weight=8650.9 8486.6 7840.07 170.929 7669.14 646.528 434.467 212.062 164.305 43.9219 38.927 120.383 19.9759
internal_count=42988 40700 37052 812 36240 3648 2144 1504 2288 988 870 1300 986
is_linear=0
shrinkage=0.105172


Tree=28
num_leaves=16
num_cat=0
split_feature=1 35 38 9 4 27 10 33 9 5 35 28 19 9 6
split_gain=3.1761 2.12549 3.29027 5.42619 2.10811 2.1375 3.2646 2.32239 2.00937 1.87883 1.2971 1.12763 1.16391 1.08146 0.854825
threshold=0.094220647773279362 5.9109862982134986 2.5000000000000004 0.23261942039072428 0.10592834790128094 0.57109931247791712 0.63352546942964894 0.048836570964891808 0.16118606555163892 0.13320913538047288 4.7318909038416157 -0.062699999999999992 0.10685612736183485 0.20287168697351798 2.2218107584208573
decision_type=2 2 2 10 10 10 10 10 10 8 2 10 10 10 10
left_child=1 8 3 -3 5 6 -2 -7 10 -10 -1 14 -13 -4 -6
right_child=4 2 13 -5 11 7 -8 -9 9 -11 -12 12 -14 -15 -16
leaf_value=-0.0013514187916895107 0.00023735878791815042 0.0019923858218613825 -0.0014088987958890983 -0.0012286984060520304 -0.0014998453189881515 -0.00063419416971754344 0.0042901862367917465 0.00053680447949063989 -0.00088969576345162833 -0.0001206765822787026 -6.345966448125362e-05 -0.0012127022312723207 0.0056064510248609182 0.00040250147065104997 2.6069172532915049e-05
leaf_weight=224.81755467969924 3298.043431798229 69.383222286822274 63.89968807483092 58.110630203038454 95.976506954990327 656.00534314359538 228.06211401335895 169.25926326308399 1230.3715204154141 2107.3105607568286 133.92880156845786 137.93286698684096 41.487515491433442 105.60913116764277 30.705201868899167
leaf_count=2306 14940 322 502 174 427 3091 661 902 5629 11102 1308 706 180 591 147
internal_value=-0.000641043 -0.00282205 0.00565425 0.0184901 0.00121548 0.00182063 0.0029573 -0.00295905 -0.00352045 -0.0026911 -0.0110552 -0.00717669 -0.00141384 -0.00363715 -0.0148268
internal_weight=8650.9 3993.43 297.003 127.494 4657.47 4351.37 3526.11 825.265 3696.43 3337.68 358.746 306.102 179.42 169.509 126.682
internal_count=42988 21934 1589 496 21054 19594 15601 3993 20345 16731 3614 1460 886 1093 574
is_linear=0
shrinkage=0.105172


Tree=29
num_leaves=14
num_cat=0
split_feature=9 16 7 30 17 35 18 33 9 19 21 35 16
split_gain=3.99915 2.80144 3.173 3.17419 2.68566 2.1542 1.54467 1.16771 0.832508 0.691675 1.00502 0.28837 0.215505
threshold=0.16118606555163892 1.3277633398352269 0.24060217608923976 19.385000000000002 0.70190913805923305 3.7687298289423041 0.018536987700675026 0.18772158249874807 0.42280689171455738 0.04055945359902529 0.023825062581312718 4.4762566454536605 1.3852363149783413
decision_type=8 10 10 10 10 2 10 8 10 10 8 2 10
left_child=7 2 3 -2 -4 8 -7 9 -3 10 -1 -9 -13
right_child=1 5 4 -5 -6 6 -8 11 -10 -11 -12 12 -14
leaf_value=-0.00061371900965849664 -0.0001127810828936743 -0.0016673053723405308 -0.00043192022969015912 -0.0012918786857905647 0.00030414391136055467 9.7758480618108715e-05 -0.0020597595027303426 0.00022702534137593233 -0.0017057467037689211 -0.0022318247484513789 0.00030499953347024646 0.0033716459296316442 0.00063007387735322662
leaf_weight=187.77008206490427 2489.5217755786143 158.0460667507723 844.5221593119204 548.95536557398736 3828.5032479204237 305.11122274864465 111.19830297492445 3.8162267785519344 59.624720325693488 63.741319064050913 45.472632937133312 3.1129595935344696 1.5072710500098763
leaf_count=1010 15130 850 3810 2744 15042 1174 526 1114 276 408 310 14 580
internal_value=-0.000829029 -0.000388492 0.000156063 -0.00248056 0.00188399 -0.00711006 -0.00249275 -0.0126523 -0.0156414 -0.0138883 -0.0107208 0.0228983 0.0400656
internal_weight=8650.9 8345.48 7711.5 3038.48 4673.03 633.98 416.31 305.42 217.671 296.984 233.243 8.43646 4.62023
internal_count=42988 39552 36726 17874 18852 2826 1700 3436 1126 1728 1320 1708 594
is_linear=0
shrinkage=0.105172


Tree=30
num_leaves=9
num_cat=0
split_feature=10 21 33 35 8 20 20 34
split_gain=3.07579 2.43464 2.15128 3.64775 2.56681 1.9979 1.99945 0.631258
threshold=0.077097849898065174 0.015555337948495519 0.0092748671191494898 4.8179401038064027 0.47637053623120984 0.054587253074330329 0.048471853180113718 -0.066224155019089834
decision_type=8 10 8 2 10 10 10 10
left_child=-1 5 3 -3 -4 6 -2 -7
right_child=1 2 4 -5 -6 7 -8 -9
leaf_value=-0.0024502071589077895 -0.00033273360281574593 -5.2318060932322052e-06 1.4487487686941258e-05 -0.0011955134511570144 0.0023353108395277947 0.0050798294025302263 0.0021668556080208803 -0.001900526896683487
leaf_weight=58.831284476909786 1172.3793351938948 801.95701518375427 5546.24009872647 343.88345611654222 590.98427138943225 7.8861441113986066 31.25778777198866 97.483959702774882
leaf_count=488 7840 4801 25021 1623 1598 832 278 507
internal_value=-0.000720261 -0.000548377 0.000193889 -0.00397812 0.000983209 -0.00472592 -0.00344416 -0.0187376
internal_weight=8650.9 8592.07 7283.06 1145.84 6137.22 1309.01 1203.64 105.37
internal_count=42988 42500 33043 6424 26619 9457 8118 1339
is_linear=0
shrinkage=0.105172


Tree=31
num_leaves=9
num_cat=0
split_feature=10 26 21 21 27 30 33 21
split_gain=3.09849 2.33739 2.56518 2.62979 2.46213 8.1252 3.63919 0.494582
threshold=0.077097849898065174 0.36714065992246064 0.097249362676048182 0.056068049213665573 0.28903871203278469 21.740000000000006 0.048836570964891808 0.15894224440592444
decision_type=8 10 10 10 8 8 10 10
left_child=-1 2 3 -2 5 -3 -6 -4
right_child=1 4 7 -5 6 -7 -8 -9
leaf_value=-0.0021925144499151672 -0.00029773940929592733 0.00017641586448854951 -0.0021180821038198766 0.00061692401800873234 -0.00045204195284577589 0.0014167286872006216 0.00062062394030024625 -0.00029766341247364117
leaf_weight=58.831284476909786 3033.1706959602889 2080.4112894558348 109.62149065826088 412.9250704087317 1818.7402232449967 279.63837719615549 828.72430514823645 28.840616123750806
leaf_count=488 13939 11408 467 1663 8591 1178 5074 180
internal_value=-0.000627314 -0.000454855 -0.0025101 -0.00192492 0.00100378 0.00348048 -0.00118026 -0.0165968
internal_weight=8650.9 8592.07 3584.56 3446.1 5007.51 2360.05 2647.46 138.462
internal_count=42988 42500 16249 15602 26251 12586 13665 647
is_linear=0
shrinkage=0.105172


Tree=32
num_leaves=10
num_cat=0
split_feature=24 26 34 24 18 16 18 27 9
split_gain=2.45973 2.68206 2.4627 4.16225 5.35766 3.53982 4.81049 3.44751 3.4059
threshold=12.500000000000002 0.61693924359052899 0.01853908826305584 11.500000000000002 0.066371067033985334 0.80671690162166365 0.014245565782264659 0.22979506380199224 0.35678584056063528
decision_type=2 8 8 2 10 8 10 10 10
left_child=2 -2 3 8 -5 6 -4 -7 -1
right_child=1 -3 5 4 -6 7 -8 -9 -10
leaf_value=-0.00041315746280302977 -0.00094406570551175786 0.00021022365630203244 -0.0019619237482065158 0.00024742660901161097 0.0017122970883851698 -0.00088993156275807544 0.0047295372145377771 -6.6382429145035171e-05 0.00080322112146144237
leaf_weight=3476.7202898319811 105.62139974161983 72.900961389765143 27.465758726000786 1704.5511254072189 166.0036678314209 608.10470363823697 20.459620021283627 1211.5593296671286 1257.5164964185096
leaf_count=24685 114 78 124 2548 234 3302 102 4496 7305
internal_value=-0.000693164 -0.0129162 -0.000427882 0.00051721 0.00472375 -0.00380379 0.0241487 -0.00457705 -0.00113162
internal_weight=8650.9 178.522 8472.38 6604.79 1870.55 1867.59 47.9254 1819.66 4734.24
internal_count=42988 192 42796 34772 2782 8024 226 7798 31990
is_linear=0
shrinkage=0.105172


Tree=33
num_leaves=15
num_cat=0
split_feature=33 35 18 9 33 22 18 23 9 15 20 33 24 32
split_gain=2.32475 3.25051 3.00358 2.84109 2.6825 6.9315 4.99381 3.0264 2.53355 2.48381 2.37962 2.16651 1.42596 0.739157
threshold=0.0092748671191494898 4.9214032655021303 0.084493416153346171 0.1802540820576434 0.011868612538686542 0.038867614454469117 0.069852463358683572 0.023544243539803725 0.19576518086215774 0.75008981483747206 0.093943809993094221 0.023196518141403336 10.500000000000002 0.48482849604221639
decision_type=8 2 10 10 8 10 10 10 8 8 10 8 2 8
left_child=1 3 12 13 5 7 -7 -2 11 -10 -5 -6 -3 -1
right_child=4 2 -4 10 8 6 -8 -9 9 -11 -12 -13 -14 -15
leaf_value=0.0024661131938370222 0.00090872868083298887 -0.0011067132908226494 0.0003725323056159295 -0.00017571055235104761 -0.001655966881509815 -0.00035409105422751132 0.0069155717554937853 0.0019021541615296519 -0.0027510098397190768 7.3157888561634608e-05 0.001154171373473157 -0.00041304491503444735 -0.0011639986450322688 0.0002219315048522029
leaf_weight=8.074968477711078 66.408662736415863 150.87015452608466 25.901792667806149 785.4988208450377 187.34625157248229 265.25120131671429 43.551395058631897 41.305499911308289 75.878434901125729 5789.3218791498803 190.49941791221499 806.59403374651447 208.68643724918365 5.7144026020541796
leaf_count=58 144 1392 104 4770 566 538 68 72 368 26443 956 7093 248 168
internal_value=-0.000754117 -0.00471936 -0.0129318 -0.00145554 0 0.00818863 0 0.0311377 -0.000502233 0.000319743 -0.00219105 -0.00541542 -0.0155267 0.0454312
internal_weight=8650.9 1375.25 385.458 989.788 7275.66 416.517 308.803 107.714 6859.14 5865.2 975.998 993.94 359.557 13.7894
internal_count=42988 7696 1744 5952 35292 822 606 216 34470 26811 5726 7659 1640 226
is_linear=0
shrinkage=0.105172


end of trees

feature_importances:
iv_rank=37
parkinson_rv_60d=35
log_spot=30
hist_move_avg_8q=28
drift_5d=27
tlt_spy_ratio_30d=23
spy_drift_60d=22
hist_move_avg_4q=20
volume_ratio_20d=18
hv_rank=18
hist_move_std_4q=17
hist_move_med_8q=17
vix_current=17
hist_event_count=14
iv_crush_pct=13
parkinson_rv_20d=13
hist_move_med_4q=13
cc_rv_10d=12
iv_mom_week=12
vix_change_30d=11
rv_term_ratio=10
parkinson_rv_10d=8
atm_iv=6
earnings_month=6
cc_rv_20d=5
vol_of_vol_20d=5
straddle_pct=4
iv_cc_rv_ratio_20d=4
iv_rv_ratio_20d=3
event_move_implied=2
iv_rv_ratio_60d=2
hist_straddle_accuracy=2
earnings_dow=2
em_iv_pct=1
event_vol_fraction=1
vix_pct_252d=1
timing_amc=1

parameters:
[boosting: gbdt]
[objective: quantile]
[metric: quantile]
[tree_learner: serial]
[device_type: cpu]
[data_sample_strategy: bagging]
[data: ]
[valid: ]
[num_iterations: 1500]
[learning_rate: 0.105172]
[num_leaves: 31]
[num_threads: 8]
[seed: 42]
[deterministic: 0]
[force_col_wise: 0]
[force_row_wise: 0]
[histogram_pool_size: -1]
[max_depth: 4]
[min_data_in_leaf: 75]
[min_sum_hessian_in_leaf: 0.001]
[bagging_fraction: 0.880172]
[pos_bagging_fraction: 1]
[neg_bagging_fraction: 1]
[bagging_freq: 0]
[bagging_seed: 400]
[bagging_by_query: 0]
[feature_fraction: 0.750692]
[feature_fraction_bynode: 1]
[feature_fraction_seed: 30056]
[extra_trees: 0]
[extra_seed: 12879]
[early_stopping_round: 0]
[early_stopping_min_delta: 0]
[first_metric_only: 0]
[max_delta_step: 0]
[lambda_l1: 0.600869]
[lambda_l2: 0.181866]
[linear_lambda: 0]
[min_gain_to_split: 0]
[drop_rate: 0.1]
[max_drop: 50]
[skip_drop: 0.5]
[xgboost_dart_mode: 0]
[uniform_drop: 0]
[drop_seed: 17869]
[top_rate: 0.2]
[other_rate: 0.1]
[min_data_per_group: 100]
[max_cat_threshold: 32]
[cat_l2: 10]
[cat_smooth: 10]
[max_cat_to_onehot: 4]
[top_k: 20]
[monotone_constraints: ]
[monotone_constraints_method: basic]
[monotone_penalty: 0]
[feature_contri: ]
[forcedsplits_filename: ]
[refit_decay_rate: 0.9]
[cegb_tradeoff: 1]
[cegb_penalty_split: 0]
[cegb_penalty_feature_lazy: ]
[cegb_penalty_feature_coupled: ]
[path_smooth: 0]
[interaction_constraints: ]
[verbosity: -1]
[saved_feature_importance_type: 0]
[use_quantized_grad: 0]
[num_grad_quant_bins: 4]
[quant_train_renew_leaf: 0]
[stochastic_rounding: 1]
[linear_tree: 0]
[max_bin: 255]
[max_bin_by_feature: ]
[min_data_in_bin: 3]
[bin_construct_sample_cnt: 200000]
[data_random_seed: 175]
[is_enable_sparse: 1]
[enable_bundle: 1]
[use_missing: 1]
[zero_as_missing: 0]
[feature_pre_filter: 1]
[pre_partition: 0]
[two_round: 0]
[header: 0]
[label_column: ]
[weight_column: ]
[group_column: ]
[ignore_column: ]
[categorical_feature: ]
[forcedbins_filename: ]
[precise_float_parser: 0]
[parser_config_file: ]
[objective_seed: 16083]
[num_class: 1]
[is_unbalance: 0]
[scale_pos_weight: 1]
[sigmoid: 1]
[boost_from_average: 1]
[reg_sqrt: 0]
[alpha: 0.75]
[fair_c: 1]
[poisson_max_delta_step: 0.7]
[tweedie_variance_power: 1.5]
[lambdarank_truncation_level: 30]
[lambdarank_norm: 1]
[label_gain: ]
[lambdarank_position_bias_regularization: 0]
[eval_at: ]
[multi_error_top_k: 1]
[auc_mu_weights: ]
[num_machines: 1]
[local_listen_port: 12400]
[time_out: 120]
[machine_list_filename: ]
[machines: ]
[gpu_platform_id: -1]
[gpu_device_id: -1]
[gpu_use_dp: 0]
[num_gpu: 1]

end of parameters

pandas_categorical:[]
