tree
version=v4
num_class=1
num_tree_per_iteration=1
label_index=0
max_feature_idx=39
objective=quantile
feature_names=atm_iv straddle_pct em_iv_pct dte event_move_implied iv_crush_pct event_vol_fraction parkinson_rv_10d parkinson_rv_20d parkinson_rv_60d cc_rv_10d cc_rv_20d vol_of_vol_20d iv_rv_ratio_20d iv_rv_ratio_60d iv_cc_rv_ratio_20d rv_term_ratio volume_ratio_20d drift_5d hist_move_avg_4q hist_move_med_4q hist_move_std_4q hist_move_avg_8q hist_move_med_8q hist_event_count hist_straddle_accuracy iv_rank hv_rank iv_mom_week iv_mom_month vix_current vix_change_30d vix_pct_252d spy_drift_60d tlt_spy_ratio_30d log_spot timing_bmo timing_amc earnings_month earnings_dow
feature_infos=[0.024199999999999999:9.9293999999999993] [0.002142857142857143:2.21] [0.0053740931060346142:1.5591856490901803] [1:60] [0:1.1296746668417901] [-7.8719008264462813:0.9435927580531388] [0.035178152001413186:173.3117510595934] [0.012475812364060786:1.4739688948412315] [0.014528699580470076:1.2438967218232768] [0.013207812215560761:1.4952309709118137] [0.0066679270609813152:6.9342884920552006] [0.0068262195275598627:8.2027230917918654] [0.0027020016679954314:0.62244251568894249] [0.26930305252671605:99.583912805520455] [0.20974968805216301:66.302880156718047] [0.051441721062870392:127.82888870730311] [0.09527953453298528:2.4494897427831788] [0.23972616521001539:11.824474731441196] [-0.52344068487566253:0.61354838709677417] [0:0.5085720135024111] [0:0.5] [0:0.74631856464742785] [0:0.5] [0:0.5] [0:24] [0.0015431424037530123:41.510601492389036] [0:1] [-11.142857142856565:8.4000000000002668] [-0.81919999999999993:0.69280000000000008] [-0.65920000000000001:0.62860000000000005] [12.039999999999999:52.329999999999998] [-29.849999999999998:24.469999999999999] [0.0065963060686015833:1] [-0.15722837228372288:0.2501611343860779] [-0.2127845500662231:0.18641926279590715] [0.19885085874516517:8.6444864170736135] [0:1] [0:1] [1:12] [1:5]
tree_sizes=1450 1257 1369 1364 1377 1262 1373 1262 1269 1252 1375 1487 1374 1369 1373 1377 1474 1358 1372 1372 1366 1486 1376 1474 1481 1487 1262 1251 1467

Tree=0
num_leaves=12
num_cat=0
split_feature=10 19 23 34 7 34 7 10 31 28 28
split_gain=24.0426 15.9404 6.04647 3.67979 3.66573 2.41686 2.34869 4.88858 1.36902 0.764922 0.00451632
threshold=0.068969471179640723 0.041801119039645084 0.022290482834999018 0.027331172936831186 0.14018703393746754 -0.03535323287685465 0.23046976999665628 0.48527310925531769 5.2500000000000018 0.029750000000000002 0.0009500000000000065
decision_type=8 8 10 8 10 10 8 10 10 10 8
left_child=5 2 3 -2 -4 9 7 -3 -8 10 -1
right_child=1 6 4 -5 -6 -7 8 -9 -10 -11 -12
leaf_value=0.0070926594746282797 0.0073141073379727143 0.007635030906916156 0.0071521288838587074 0.0071163996986984366 0.007566453891421584 0.0070117126006327178 0.0081516595218264088 0.0071057883781351977 0.0076294275932013988 0.0097886822185043985 0.0072355114385534011
leaf_weight=1.3759368187747893 869.55919034406543 981.97668599942699 82.265003194101155 149.28703120164573 1707.7382940854877 38.899672631174326 3504.7654959077481 8.4117846605367941 399.88202375173569 5.275996788404882 2.3897426798939692
leaf_count=116 5192 7797 745 1296 8650 130 17425 42 1232 20 54
internal_value=0.00758745 0.00795633 0.00289141 -0.00230629 0.0058706 -0.0516661 0.0108696 0.00722779 0.0118018 -0.00635865 -0.0334051
internal_weight=7751.83 7703.89 2808.85 1018.85 1790 47.9413 4895.04 990.388 3904.65 9.04168 3.76568
internal_count=42699 42379 15883 6488 9395 320 26496 7839 18657 190 170
is_linear=0
shrinkage=1


Tree=1
num_leaves=10
num_cat=0
split_feature=10 22 26 11 12 6 26 7 31
split_gain=23.9484 16.6622 3.68653 5.76367 2.87776 2.81228 2.70617 2.39062 1.80705
threshold=0.068969471179640723 0.031828939999961788 0.23778210707418276 0.71703183416698513 0.047267489358665322 0.97484446707239758 0.31677868987480678 0.26195241171238975 -5.169999999999999
decision_type=8 8 8 8 10 10 10 8 8
left_child=6 4 3 -3 5 -2 -1 -4 -6
right_child=1 2 7 -5 8 -7 -8 -9 -10
leaf_value=-0.00056555812376328605 -0.00036563911911610117 -0.00022740319300647123 2.7946423958735682e-05 -0.00050320189878952945 -0.00054301144031800388 4.4668768761557505e-05 -0.00055288435286498638 0.00047813718830792975 -0.00012447430850344733
leaf_weight=38.314691273029894 845.9367510699667 477.08559688646346 1984.5350716575049 27.503346137469634 36.478478351607919 136.29951835144311 9.6266576452180725 3721.3732084291987 474.6735382610932
leaf_count=258 5790 2822 13426 614 200 641 62 16300 2586
internal_value=-3.35139e-05 0.00033463 0.00226442 -0.00462457 -0.00766633 -0.0103497 -0.059171 0.00287983 -0.00243944
internal_weight=7751.83 7703.89 6210.5 504.589 1493.39 982.236 47.9413 5705.91 511.152
internal_count=42699 42379 33162 3436 9217 6431 320 29726 2786
is_linear=0
shrinkage=0.0844352


Tree=2
num_leaves=11
num_cat=0
split_feature=10 23 34 16 10 18 8 5 15 10
split_gain=20.3688 11.6483 6.63255 3.89886 3.53401 3.0354 2.75613 2.56646 2.16864 0.0776825
threshold=0.068969471179640723 0.022290482834999018 0.027331172936831186 1.2307237106689854 0.31147736855788427 -0.002594126426497811 0.15465134573349018 0.12859688726177221 0.477684822826139 0.038730498312156268
decision_type=8 10 10 8 10 10 8 10 8 10
left_child=5 2 3 -2 -4 -1 7 -3 -8 -7
right_child=1 6 4 -5 -6 9 8 -9 -10 -11
leaf_value=-0.00036415943505384182 -0.000187603941244842 -0.00045522506719101628 -0.00043883749811580921 -0.00049246073145830399 -0.00019981310690109704 -0.00051780512890673433 -0.00043693771372065222 -0.00015883191681264404 0.00021735553501870208 -0.00041731195459148378
leaf_weight=11.283736413344739 844.95993598364294 36.715647206176072 96.43536089360714 140.96551703591831 34.432327378541231 27.172191571444273 20.792032090947032 93.078993704169989 6436.5056948517449 9.4854209334589523
leaf_count=84 5127 580 286 3367 120 124 148 1313 31438 112
internal_value=-0.000167641 0.000171544 -0.00779503 -0.00537367 -0.0256813 -0.0547052 0.0015278 -0.0105909 0.00177744 -0.0665992
internal_weight=7751.83 7703.89 1116.79 985.925 130.868 47.9413 6587.09 129.795 6457.3 36.6576
internal_count=42699 42379 8900 8494 406 320 33479 1893 31586 236
is_linear=0
shrinkage=0.0844352


Tree=3
num_leaves=11
num_cat=0
split_feature=7 22 18 26 17 24 12 26 1 8
split_gain=17.7096 11.6962 4.55406 3.44881 3.29546 3.85431 2.89226 2.103 1.08362 0.355128
threshold=0.10272801034381333 0.031828939999961788 -0.0029558470756310125 0.060434870694345021 1.1571617722630632 12.500000000000002 0.044457588247212611 0.23778210707418276 0.02454377880184332 0.051635158874685706
decision_type=8 8 10 8 10 2 10 8 2 10
left_child=2 4 -1 8 5 -2 -6 -5 -3 -4
right_child=1 3 9 7 6 -7 -8 -9 -10 -11
leaf_value=-0.00024198296627604473 -0.00031932614948518951 -0.00040004480471760013 -0.00047408416616492996 -0.00034894547873417782 -0.00022925313255536494 -0.00048132180826792833 0.00035951480020146554 0.00024499174198067239 -8.1243643502960399e-05 -0.00038075248538449273
leaf_weight=13.943253459408878 775.17175828339532 6.4726700803730619 25.916835139505565 494.35330187296495 423.18406260292977 19.688118288293481 273.16609956463799 5701.6216670782305 6.2084134966135025 12.100678196642546
leaf_count=84 4732 14 138 3212 3102 34 1345 29742 194 102
internal_value=-0.0002549 7.41666e-05 -0.0491104 0.0016913 -0.00663466 -0.0103603 -0.00232944 0.00178831 -0.0412212 -0.0641503
internal_weight=7751.83 7699.87 51.9608 6208.66 1491.21 794.86 696.35 6195.97 12.6811 38.0175
internal_count=42699 42375 324 33162 9213 4766 4447 32954 208 240
is_linear=0
shrinkage=0.0844352


Tree=4
num_leaves=11
num_cat=0
split_feature=10 19 34 8 26 34 18 24 8 10
split_gain=20.2678 10.7532 4.01966 5.65824 3.18876 3.74713 3.0354 2.77523 1.94607 0.0776825
threshold=0.068969471179640723 0.041801119039645084 0.027331172936831186 0.29228922382986805 0.24141355218306793 0.027331172936831186 -0.002594126426497811 12.500000000000002 0.15835638010017455 0.038730498312156268
decision_type=8 10 8 10 8 10 10 2 8 10
left_child=6 2 7 -4 5 -3 -1 -2 -6 -8
right_child=1 4 3 -5 8 -7 9 -9 -10 -11
leaf_value=-0.00029338219625974149 -0.00015240654443504883 -0.00013540569022880058 -0.0004270939121883713 0.00055428749684193108 -0.00022158373333491609 -0.00043056474096624022 -0.00043405479023128667 -0.0004406813208117094 0.00038845833641111039 -0.00034496747674262894
leaf_weight=11.283736413344739 2348.1012102980167 278.17504930542782 288.26347236079164 151.57772182207555 68.650313382502645 63.458770059049129 27.172191571444273 37.567189494147897 4468.0917824227363 9.4854209334589523
leaf_count=84 13505 1956 3778 540 1005 122 124 52 21421 112
internal_value=-0.000304726 3.3606e-05 -0.00410657 -0.0115417 0.00243854 -0.00538715 -0.0547052 -0.00271943 0.00303574 -0.0665992
internal_weight=7751.83 7703.89 2825.51 439.841 4878.38 341.634 47.9413 2385.67 4536.74 36.6576
internal_count=42699 42379 17875 4318 24504 2078 320 13557 22426 236
is_linear=0
shrinkage=0.0844352


Tree=5
num_leaves=10
num_cat=0
split_feature=10 22 34 28 18 26 4 27 27
split_gain=19.6306 10.1394 5.09136 6.25502 2.88472 2.785 2.31256 2.27071 1.021
threshold=0.068969471179640723 0.030183316197238758 0.027331172936831186 0.0009500000000000065 -0.002594126426497811 0.060434870694345021 0.28071594994446875 0.0071902890886829211 0.31435066461139344
decision_type=8 8 8 10 10 8 10 8 10
left_child=4 2 7 -4 -1 8 -7 -2 -3
right_child=1 5 3 -5 -6 6 -8 -9 -10
leaf_value=-0.00026861042140524557 -0.00023977884196558867 -0.00036856966232496583 -0.00036117967255529747 -0.00033876007763833301 -0.00039740530135567163 0.00016896871622462068 -0.00037701419112869339 -0.00020868262191683709 -0.00035509082594310212
leaf_weight=11.283736413344739 47.658087863586843 4.2432694407179934 108.14260947145522 72.500439292751253 36.657612504903227 6281.9276680364273 93.715189959853888 1088.2157987249084 7.4824463550467044
leaf_count=84 237 158 658 782 236 33441 452 6597 54
internal_value=-0.000223724 0.000109179 -0.00663169 -0.0198306 -0.0537632 0.00150421 0.0015865 -0.00449448 -0.0385216
internal_weight=7751.83 7703.89 1316.52 180.643 47.9413 6387.37 6375.64 1135.87 11.7257
internal_count=42699 42379 8274 1440 320 34105 33893 6834 212
is_linear=0
shrinkage=0.0844352


Tree=6
num_leaves=11
num_cat=0
split_feature=10 22 34 12 24 18 19 9 1 10
split_gain=18.7657 9.11949 4.32924 6.8034 4.94057 3.13983 2.2385 2.44494 1.8848 0.0131481
threshold=0.068969471179640723 0.029313953460433088 0.027331172936831186 0.026339809867670285 12.500000000000002 -0.0022536836382593957 0.041801119039645084 0.13118169735344087 0.038110119047619052 0.038730498312156268
decision_type=8 10 8 8 2 10 8 10 2 10
left_child=5 2 4 -4 -2 -1 7 -3 -8 -7
right_child=1 6 3 -5 -6 9 8 -9 -10 -11
leaf_value=-0.00024593025550747905 -0.00018365907962535177 -0.00042780829916868354 -0.00037726705584295123 -0.00017247884825990852 -0.00038585216760141035 -0.0003638503182085341 -0.0003215696733600523 -6.7697902034737431e-05 0.00024876180760528572 -0.00028228510694784908
leaf_weight=11.918034636415539 1057.9338447111659 50.997026680503041 48.106348685454577 131.10988062550314 25.685924449935555 26.547972690314054 21.338986029382795 1534.2769668563269 4834.4365311064757 9.4753415915183705
leaf_count=94 6436 436 230 3090 40 118 133 7711 24303 108
internal_value=-0.000241684 8.37077e-05 -0.00647084 -0.0186646 -0.00441477 -0.0525881 0.0013744 -0.0013671 0.00227628 -0.0650932
internal_weight=7751.83 7703.89 1262.84 179.216 1083.62 47.9413 6441.05 1585.27 4855.78 36.0233
internal_count=42699 42379 9796 3320 6476 320 32583 8147 24436 226
is_linear=0
shrinkage=0.0844352


Tree=7
num_leaves=10
num_cat=0
split_feature=10 22 34 28 24 27 26 11 22
split_gain=16.9275 8.59875 4.44433 4.97437 4.44951 3.95007 2.43146 4.16958 2.3909
threshold=0.068969471179640723 0.030183316197238758 0.027331172936831186 0.0009500000000000065 12.500000000000002 -1.0000000180025095e-35 0.23778210707418276 0.71703183416698513 0.057844216826650925
decision_type=8 8 8 10 2 8 8 8 8
left_child=5 2 4 -4 -2 -1 7 -3 -8
right_child=1 6 3 -5 -6 -7 8 -9 -10
leaf_value=-0.00029788394508021687 -0.00016295236686127861 -0.00021756676374535188 -0.0002988287994241772 -0.00027830220675715281 -0.00035327267523685278 -0.00033312855568065798 -1.277256263229269e-06 -0.00039168623381162591 0.00051455181225624981
leaf_weight=15.399598911404608 1108.2526464103721 504.4280289276503 108.14260947145522 72.500439292751253 27.621240178123116 32.541750006843358 2573.6010220088065 31.751795343821868 3277.5877275117673
leaf_count=62 6792 2970 658 782 42 258 13499 620 17016
internal_value=-0.000202996 0.000105833 -0.00610143 -0.0184354 -0.00410242 -0.04992 0.00139084 -0.00402871 0.00189347
internal_weight=7751.83 7703.89 1316.52 180.643 1135.87 47.9413 6387.37 536.18 5851.19
internal_count=42699 42379 8274 1440 6834 320 34105 3590 30515
is_linear=0
shrinkage=0.0844352


Tree=8
num_leaves=10
num_cat=0
split_feature=10 23 27 19 34 21 20 7 8
split_gain=16.6424 7.83135 4.1497 4.12339 4.00831 5.8947 4.32828 2.31442 1.75769
threshold=0.068969471179640723 0.015456399862589123 -1.0000000180025095e-35 0.041801119039645084 0.027331172936831186 0.0053490699101557656 0.014583442519297969 0.22442027522934857 0.13182424886702512
decision_type=8 10 8 10 10 8 8 8 10
left_child=2 4 -1 8 5 -2 -6 -5 -3
right_child=1 3 -4 7 6 -7 -8 -9 -10
leaf_value=-0.00027273206431045402 -0.00048095673027488505 -0.00033232028170336104 -0.00030500079031476392 -0.00012749859408919139 -0.00025480371334075605 -0.00010145864690120071 -0.00019885931734518636 0.00029063763177274458 -0.00010092889423476114
leaf_weight=15.399598911404608 27.371387688443065 93.855281864758581 32.541750006843358 893.03304126812145 41.553932044655085 326.16755175055005 30.800903528928757 3968.4885178101249 2322.6148931891657
leaf_count=62 264 730 258 7099 112 5084 78 17287 11725
internal_value=-0.000246761 5.94198e-05 -0.0495427 0.000715277 -0.0110566 -0.00720023 -0.029239 0.00213553 -0.00212818
internal_weight=7751.83 7703.89 47.9413 7277.99 425.894 353.539 72.3548 4861.52 2416.47
internal_count=42699 42379 320 36841 5538 5348 190 24386 12455
is_linear=0
shrinkage=0.0844352


Tree=9
num_leaves=10
num_cat=0
split_feature=10 23 27 9 11 17 6 17 0
split_gain=16.6028 7.64358 4.1497 3.36364 3.41638 3.20373 4.06147 3.14952 2.65099
threshold=0.068969471179640723 0.015456399862589123 -1.0000000180025095e-35 0.22519205882192925 0.34399913125073095 1.1430288539936375 0.86322560838146134 1.8829261960755075 0.23487500000000003
decision_type=8 10 8 10 10 8 10 10 2
left_child=2 5 -1 4 -3 6 -2 -7 -5
right_child=1 3 -4 8 -6 7 -8 -9 -10
leaf_value=-0.00024970388680400739 -0.00029866639493138691 -9.7519292253547805e-05 -0.00027924799752623494 -0.00031604116989501139 -0.00039719693488098328 5.8345390595720045e-05 0.00020349600297888862 -0.00038205306466489549 0.00016388015334999558
leaf_weight=15.399598911404608 184.93411996401846 1982.8066834788769 32.541750006843358 13.545590558089314 22.340804418548942 175.72688818932511 39.460594775155187 25.772172084078193 5259.2986556766555
leaf_count=62 1570 13270 258 76 256 3484 214 270 23239
internal_value=-0.000306286 0 -0.0495427 0.00064755 -0.00228839 -0.0109827 -0.0179408 -0.00304122 0.00177042
internal_weight=7751.83 7703.89 47.9413 7277.99 2005.15 425.894 224.395 201.499 5272.84
internal_count=42699 42379 320 36841 13526 5538 1784 3754 23315
is_linear=0
shrinkage=0.0844352


Tree=10
num_leaves=11
num_cat=0
split_feature=11 22 26 26 4 4 23 16 31 27
split_gain=10.8962 6.43355 5.60854 2.84456 2.18189 1.87092 2.48958 1.67047 1.48025 1.30532
threshold=0.087789786953725871 0.030183316197238758 0.060434870694345021 0.31908515412173682 0.28071594994446875 0.051619350777912812 0.015456399862589123 1.4755882904855664 0.63500000000000079 -1.0000000180025095e-35
decision_type=8 8 8 10 10 8 10 10 10 8
left_child=3 5 8 9 -4 6 -2 -7 -3 -1
right_child=1 2 4 -5 -6 7 -8 -9 -10 -11
leaf_value=-0.00022862009732032285 -0.00025761642867533618 -0.00020766648891333542 0.00011731665943198412 0.0010794599192572752 -0.00040173692913297903 5.3498899687253627e-05 -0.00015084842931559762 -0.00053674737286034423 -0.00028426629695436179 -0.00025566964610792165
leaf_weight=10.140416582580654 279.36251563997939 6.6654291360173401 6280.0768211199902 7.4581820433959356 93.640303920954466 312.10019781440496 713.51175847928971 12.329124153591691 10.630817831493912 25.911291341297328
leaf_count=52 2316 174 33343 110 448 1632 3944 314 42 324
internal_value=-0.000276041 -3.23421e-05 0.00107091 -0.0421325 0.00120832 -0.00540808 -0.00722659 5.84734e-05 -0.0461114 -0.0518643
internal_weight=7751.83 7708.32 6391.01 43.5099 6373.72 1317.3 992.874 324.429 17.2962 36.0517
internal_count=42699 42213 34007 486 33791 8206 6260 1946 216 376
is_linear=0
shrinkage=0.0844352


Tree=11
num_leaves=12
num_cat=0
split_feature=10 23 28 18 27 26 34 24 9 21 23
split_gain=14.8295 6.25854 4.27981 6.096 3.53741 3.26673 3.94218 2.99092 1.86311 0.198784 0.292306
threshold=0.068969471179640723 0.015456399862589123 0.038350000000000002 0.01307534314448733 -1.0000000180025095e-35 0.44037342644254202 0.027331172936831186 12.500000000000002 0.16095989934408869 0.023088905713462584 0.00870373035753025
decision_type=8 8 10 10 8 10 10 2 8 10 10
left_child=4 2 7 -4 -1 6 -3 -2 -7 10 -6
right_child=1 5 3 -5 9 8 -8 -9 -10 -11 -12
leaf_value=-0.00020931652113120037 -0.00013509876426022168 -1.8729989739767095e-05 -3.0218319467707352e-05 -0.00039337723490501258 -0.0002480316673646907 -0.00033522347755852267 -0.00033978406985568264 -0.00023586454239415611 0.00023237111812753606 -0.00023408213673872008 -0.00017051086600137417
leaf_weight=15.399598911404608 361.25557369319722 3111.6195308931638 17.582374687306583 20.49670383380726 3.1849433202296487 58.405715164262801 416.75532091222703 9.899047648534177 3707.8712423122488 24.927363734692335 4.4294429519213736
leaf_count=62 3008 16565 370 152 46 1346 852 16 20070 92 120
internal_value=-0.000273167 1.56157e-05 -0.0101331 -0.0370924 -0.0468063 0.000590254 -0.00124962 -0.00722468 0.00232262 -0.0626086 -0.0339053
internal_weight=7751.83 7703.89 409.234 38.0791 47.9413 7294.65 3528.37 371.155 3766.28 32.5418 7.61439
internal_count=42699 42379 3546 522 320 38833 17417 3024 21416 258 166
is_linear=0
shrinkage=0.0844352


Tree=12
num_leaves=11
num_cat=0
split_feature=10 22 27 34 10 7 5 24 17 22
split_gain=14.7357 6.03235 3.53359 2.45551 5.9116 2.41671 2.56965 1.94856 1.12589 0.236304
threshold=0.068969471179640723 0.031828939999961788 -1.0000000180025095e-35 0.027331172936831186 0.23602494567628449 0.43176143440003473 0.073604419617959951 12.500000000000002 0.575592765107097 0.027730644478903655
decision_type=8 10 8 10 10 10 8 2 10 8
left_child=2 3 -1 7 -5 6 -3 -2 -7 -4
right_child=1 5 9 4 -6 8 -8 -9 -10 -11
leaf_value=-0.00019164284562909914 -0.00011624269977332195 -0.00025109771982004345 -0.00022708907200930079 -0.00029031275078026856 -5.7511183255417662e-05 -0.00031785157032534778 6.3619667473988449e-05 -0.00021594928027247664 0.00053777959687646194 -0.0002143173723369389
leaf_weight=15.399598911404608 1296.3709148128983 494.21684203948826 8.6979183186776918 63.633134502917528 118.83826214820147 20.410620586946607 4673.481961005833 31.206049719825387 1005.7277243286371 23.843831688165665
leaf_count=62 10665 2699 94 178 320 100 24942 46 3429 164
internal_value=-0.000401607 -0.000105151 -0.0467885 -0.00489314 -0.014125 0.00105717 0.000306905 -0.00359374 0.00480101 -0.0625826
internal_weight=7751.83 7703.89 47.9413 1510.05 182.471 6193.84 5167.7 1327.58 1026.14 32.5418
internal_count=42699 42379 320 11209 498 31170 27641 10711 3529 258
is_linear=0
shrinkage=0.0844352


Tree=13
num_leaves=11
num_cat=0
split_feature=10 23 19 21 30 20 9 11 0 27
split_gain=14.2046 5.25612 3.4279 3.14087 3.56167 2.79728 2.7921 2.74556 2.60833 1.40539
threshold=0.068969471179640723 0.015456399862589123 0.032192736774672014 0.0053490699101557656 18.915000000000003 0.0043293110106885089 0.22330637998049274 0.34633287372359117 0.23737500000000003 1.0000000180025095e-35
decision_type=8 8 8 8 8 10 10 10 2 10
left_child=2 3 9 4 -2 -5 7 -3 -8 -1
right_child=1 6 -4 5 -6 -7 8 -9 -10 -11
leaf_value=0.00014497824977696428 -0.00035034739040811609 -9.097530233778041e-05 -0.00018461779019525551 -0.00014824864674677288 0.00011109056654267109 -8.5772712520998045e-05 -0.0002759438450407422 -0.00033952619117616592 9.8074515282397219e-05 -0.000207914768198614
leaf_weight=9.8754412080161291 23.319878621026874 1948.640767383622 29.728754518087953 17.046530002728105 10.007487390190361 358.8598038488999 15.402117461897431 20.456322157289833 5310.1526022790931 8.3371531921438855
leaf_count=38 208 14946 180 854 68 2416 92 238 23557 102
internal_value=-0.000330399 -3.92672e-05 -0.0458729 -0.00934776 -0.0342308 -0.00700454 0.000479112 -0.00223042 0.00148729 -0.0139975
internal_weight=7751.83 7703.89 47.9413 409.234 33.3274 375.906 7294.65 1969.1 5325.55 18.2126
internal_count=42699 42379 320 3546 276 3270 38833 15184 23649 140
is_linear=0
shrinkage=0.0844352


Tree=14
num_leaves=11
num_cat=0
split_feature=7 19 20 28 26 33 33 9 16 12
split_gain=12.4027 4.40021 3.59225 3.19796 2.97741 1.93611 4.08159 1.76613 1.5056 0.323661
threshold=0.10272801034381333 0.03885807790379394 0.045894220570007728 0.019050000000000001 0.060434870694345021 0.022019787650570114 0.018153217483829923 0.22330637998049274 1.1206444620818259 0.015888957629738607
decision_type=8 10 10 8 8 10 8 8 10 10
left_child=2 5 3 9 -3 6 -2 -6 -7 -1
right_child=1 4 -4 -5 7 8 -8 -9 -10 -11
leaf_value=-0.00011938413041710902 -6.2304935809441093e-05 -0.00017062303686189161 -0.00018063321510525704 6.1406434353379301e-05 -0.00011451357553707151 1.8208357271505921e-05 -0.00028715635974047314 0.00022019857043063766 -0.00015562487566978331 -0.00019035944994003453
leaf_weight=5.9565379894338539 706.22089788410813 11.212256493046878 20.448715446982533 17.181084591895345 809.16280211461708 1064.3766031200066 252.35644030594267 4401.3862959737889 455.15079537592828 8.3744287672452611
leaf_count=78 3503 102 102 74 6869 7237 3570 19289 1805 70
internal_value=-0.000404452 -0.000121159 -0.0412909 -0.0212172 0.00126485 -0.00305466 -0.00603322 0.00136675 -0.00115233 -0.049944
internal_weight=7751.83 7699.87 51.9608 31.5121 5221.76 2478.1 958.577 5210.55 1519.53 14.331
internal_count=42699 42375 324 222 26260 16115 7073 26158 9042 148
is_linear=0
shrinkage=0.0844352


Tree=15
num_leaves=11
num_cat=0
split_feature=10 19 27 26 34 34 5 24 12 22
split_gain=14.085 3.9674 3.30569 2.52242 3.62951 2.07474 2.94033 1.93849 1.77949 0.129462
threshold=0.068969471179640723 0.041801119039645084 -1.0000000180025095e-35 0.24141355218306793 0.027331172936831186 -0.014128325549150554 0.20755173872686677 12.500000000000002 0.019608689572785349 0.027730644478903655
decision_type=8 8 10 8 10 8 8 2 8 8
left_child=2 5 -1 4 -3 7 -7 -2 -5 -4
right_child=1 3 9 8 -6 6 -8 -9 -10 -11
leaf_value=-0.00014462142009969122 2.8125164124997583e-06 -0.00015298108846325908 -0.0001742864179174458 -0.0005461930795411658 -0.00046294918635498113 -0.00025365321521924597 -1.1454393174404117e-05 -0.00016967135177769493 0.00023730522391864048 -0.00016538141934915177
leaf_weight=15.416148841381071 1312.7162214126438 279.64337791246362 8.6979183186776918 142.38994722627103 63.891187809407711 815.67688883841038 642.88921908009797 37.567189494147897 4409.1114773713052 23.827281758189201
leaf_count=64 9778 2548 94 1252 126 3731 2322 52 22570 162
internal_value=-0.000311495 -2.15765e-05 -0.0456615 0.00142552 -0.00552017 -0.002555 -0.00476306 -0.000144365 0.00195766 -0.0609663
internal_weight=7751.83 7703.89 47.9413 4895.04 343.535 2808.85 1458.57 1350.28 4551.5 32.5252
internal_count=42699 42379 320 26496 2674 15883 6053 9830 23822 256
is_linear=0
shrinkage=0.0844352


Tree=16
num_leaves=12
num_cat=0
split_feature=7 20 1 21 35 33 20 4 5 15 20
split_gain=11.6629 3.48393 3.33165 3.18796 3.93897 3.07629 2.38272 1.59839 3.46117 1.40017 0.0317566
threshold=0.10272801034381333 0.045894220570007728 0.10973063667694542 0.004853560986768618 3.9353488116432467 0.078665103764956071 0.0043293110106885089 0.2981295847221736 0.6317494957279296 1.4019158110069971 0.032458758075890083
decision_type=8 10 2 8 2 10 8 10 10 8 10
left_child=1 5 3 4 -2 10 -5 9 -9 -4 -1
right_child=2 -3 7 6 -6 -7 -8 8 -10 -11 -12
leaf_value=0.00025604540381902823 -0.00021705839758372116 -0.00015141741152092234 2.4439992746201059e-05 -9.0067900445996523e-05 -0.00032254065083799408 -0.00015957051504437154 -4.2557928921788739e-05 -0.00051875832681374048 0.0002784013773197417 0.0004931677520258579 -7.0853011411704786e-05
leaf_weight=9.9237817847169989 22.805298348423094 20.448715446982533 1304.6776735200547 20.525070448406041 48.583962248638272 13.480291184037922 4372.9323587350082 44.444801479578018 62.599363815970719 1823.2975626713596 8.1079783798195404
leaf_count=88 177 102 5282 604 304 84 26685 150 319 8854 50
internal_value=-0.00040061 -0.040049 -0.000125765 -0.00162473 -0.0192863 -0.020287 -0.00132771 0.00193274 -0.00811865 0.00228873 0.00099919
internal_weight=7751.83 51.9608 7699.87 4464.85 71.3893 31.5121 4393.46 3235.02 107.044 3127.98 18.0318
internal_count=42699 324 42375 27770 481 222 27289 14605 469 14136 138
is_linear=0
shrinkage=0.0844352


Tree=17
num_leaves=11
num_cat=0
split_feature=7 28 21 22 8 23 34 23 26 35
split_gain=11.3981 3.76405 3.3033 2.69446 3.10443 2.42552 2.00854 1.92431 1.54511 0.615177
threshold=0.10272801034381333 0.041900000000000028 0.004853560986768618 0.073200051392032492 0.15835638010017455 0.014659548358646081 -0.0092787293114214835 0.066294151455016839 0.4533020010728715 4.2012538666545725
decision_type=8 8 8 10 8 10 8 8 8 2
left_child=1 9 5 7 -5 6 -2 -4 -7 -1
right_child=2 -3 3 4 -6 8 -8 -9 -10 -11
leaf_value=-0.00012702879810043397 -0.00029530687698994622 -0.00013863245703129792 -2.3983200511176426e-05 -0.00012725295377733067 0.00042765486024543036 0.00028528814950720655 -0.00017289452977778424 -0.00035275294091396893 -0.00048896099811505673 -0.00011962533179376903
leaf_weight=9.7216422101482731 19.490774573758245 18.202476589009166 5126.8687772424892 13.872937873937188 2255.1204999685287 42.352248715236783 9.683694392442705 215.98245717980899 16.494701321236789 24.036647996399552
leaf_count=66 168 96 27445 326 10523 236 38 3489 150 162
internal_value=-0.000457084 -0.0396538 -0.000185316 0 0.00244071 -0.0163947 -0.0362788 -0.00103188 -0.00572271 -0.056265
internal_weight=7751.83 51.9608 7699.87 7611.84 2268.99 88.0214 29.1745 5342.85 58.847 33.7583
internal_count=42699 324 42375 41783 10849 592 206 30934 386 228
is_linear=0
shrinkage=0.0844352


Tree=18
num_leaves=11
num_cat=0
split_feature=7 28 7 34 26 19 17 21 32 2
split_gain=11.4787 3.76405 2.58404 3.28272 3.76703 2.0074 1.32944 2.09991 0.775618 0.759163
threshold=0.10272801034381333 0.041900000000000028 0.43176143440003473 0.031791022825298672 0.34737036216587697 0.041538333578150392 0.60178147969007834 0.038130131819982767 0.48482849604221639 0.060654636868271571
decision_type=8 8 10 10 8 10 10 10 10 2
left_child=1 9 3 5 -5 -2 7 -4 -8 -1
right_child=2 -3 6 4 -6 -7 8 -9 -10 -11
leaf_value=-0.00010952474687802286 -0.00010669867646568532 -0.00012692700231425535 -0.00025107681025892666 -0.00033477168826020115 -6.1103975390986595e-05 9.2651941000448547e-05 -0.00039156185374121972 0.0020552779083267744 0.00041270751821989376 -0.00013599656697813772
leaf_weight=20.306871912442148 2384.482245873427 18.202476589009166 12.000749886035921 190.16395092196763 468.7926743067801 3590.1120901419781 56.159632579889148 13.837766664102672 984.31698089325801 13.451418294105677
leaf_count=130 16362 96 46 392 1498 20311 634 82 3050 98
internal_value=-0.000320936 -0.0396538 -4.82489e-05 -0.000672734 -0.00632615 -4.31141e-05 0.00380394 -0.0146301 0.00430137 -0.056265
internal_weight=7751.83 51.9608 7699.87 6633.55 658.957 5974.59 1066.32 25.8385 1040.48 33.7583
internal_count=42699 324 42375 38563 1890 36673 3812 128 3684 228
is_linear=0
shrinkage=0.0844352


Tree=19
num_leaves=11
num_cat=0
split_feature=7 22 14 26 18 7 18 30 19 9
split_gain=8.78981 2.44629 2.17609 2.67988 2.11302 1.93447 1.90968 1.8565 1.78013 0.909212
threshold=0.10272801034381333 0.057844216826650925 1.1523761660570242 0.23778210707418276 0.025291706744729806 0.15209525184487924 -0.0029558470756310125 18.590000000000003 0.082496813256502571 0.17462015902274022
decision_type=8 10 8 10 10 8 10 10 10 10
left_child=6 4 3 -3 8 -4 -1 -8 -2 -6
right_child=1 2 5 -5 9 -7 7 -9 -10 -11
leaf_value=-2.3375856894743939e-05 -9.7689555856537576e-05 -0.00048413621035856436 -0.00020198345133843021 -0.00023972356611734013 -0.00019745936526678585 0.00033755502488977336 -0.00011620989962578428 -4.2191329783075146e-05 -0.00045981915798326816 5.8098795742374247e-05
leaf_weight=13.943253459408878 3134.5683622120414 24.807367544621229 25.127872124779969 169.57319072075188 121.32234829198569 3245.4390494357795 24.721156627405435 13.296356708742676 23.02798829972744 955.99991263775155
leaf_count=84 19678 166 394 942 850 15370 162 78 60 4915
internal_value=-0.000195723 3.4839e-05 0.0017027 -0.00692291 -0.00132202 0.00222659 -0.0346148 -0.0444403 -0.00242817 0.00188897
internal_weight=7751.83 7699.87 3464.95 194.381 4234.92 3270.57 51.9608 38.0175 3157.6 1077.32
internal_count=42699 42375 16872 1108 25503 15764 324 240 19738 5765
is_linear=0
shrinkage=0.0844352


Tree=20
num_leaves=11
num_cat=0
split_feature=7 16 7 5 12 20 28 17 9 35
split_gain=6.71203 3.63432 2.35939 1.84458 3.78659 1.72469 1.18859 0.929133 0.778165 0.00687185
threshold=0.10272801034381333 0.83242003464511882 0.43176143440003473 0.07574089087242146 0.090996092468815307 0.0076953174721971504 0.003100000000000006 0.575592765107097 0.28994987796378885 4.5568723661611257
decision_type=8 10 10 8 8 8 8 10 10 2
left_child=1 6 3 4 -2 -5 -1 -4 -9 -3
right_child=2 9 7 5 -6 -7 -8 8 -10 -11
leaf_value=-0.0001147014717501059 -4.2411329495391073e-05 0.00023746384888356643 -0.00018899897578560974 -0.00014118803791138821 -0.00027845652831875046 2.7524931936696826e-06 -0.00010639769729689834 -0.00042806677470088098 0.00034935350529233608 8.4112013101499188e-06
leaf_weight=14.953951574862003 636.61884855013341 6.2708587930537751 21.311740832403302 80.185807332862169 162.26879446045496 5754.4775109007023 22.127966793254018 17.498577788472176 1027.5048114024103 8.6079896343871933
leaf_count=76 3869 64 104 898 1130 32666 106 170 3538 78
internal_value=-0.00029766 -0.030376 -8.81181e-05 -0.000684977 -0.00449005 -0.000157922 -0.0444069 0.00359231 0.00397544 0.00280736
internal_weight=7751.83 51.9608 7699.87 6633.55 798.888 5834.66 37.0819 1066.32 1045 14.8788
internal_count=42699 324 42375 38563 4999 33564 182 3812 3708 142
is_linear=0
shrinkage=0.0844352


Tree=21
num_leaves=12
num_cat=0
split_feature=8 19 13 22 12 34 17 17 15 21 19
split_gain=4.55766 3.62412 2.21992 1.77077 2.03493 5.2903 1.55126 3.96763 1.23726 1.18827 1.1424
threshold=0.13182424886702512 0.094655733051614468 15.249807522891762 0.073200051392032492 0.023400168759622763 0.027331172936831186 0.98176024509681936 0.97805987089749402 1.6111266289701622 0.015947233078451608 0.082496813256502571
decision_type=8 10 10 10 8 10 10 10 8 8 10
left_child=1 2 9 6 5 -5 7 -2 -6 -1 -8
right_child=3 -3 -4 4 8 -7 10 -9 -10 -11 -12
leaf_value=-9.0178593961926832e-05 -9.8726289167061867e-05 -3.9122551696829594e-05 -0.00010501663378141949 -2.6906660776331224e-05 2.0599336948789139e-05 -0.00050207722443983648 1.2064584362390657e-05 -0.0006522299207907589 0.00057825265853792289 1.5824591846148795e-06 -0.00022038978036074223
leaf_weight=28.893802244216204 1548.9995111131575 9.5810142387635988 12.000047659501432 57.968876329250634 1033.4269454409368 10.838563606142996 3608.2759511810727 21.361231483519077 1161.6290038046427 49.280159240588546 209.57175172120333
leaf_count=270 9571 92 60 598 4538 24 20063 116 5597 1032 738
internal_value=-0.000280794 -0.0181605 -0.0122341 -4.20296e-05 0.00193471 -0.0122256 -0.000878813 -0.00311237 0.00239675 -0.00638941 3.15685e-05
internal_weight=7751.83 99.755 90.174 7652.07 2263.86 68.8074 5388.21 1570.36 2195.06 78.174 3817.85
internal_count=42699 1454 1362 41245 10757 622 30488 9687 10135 1302 20801
is_linear=0
shrinkage=0.0844352


Tree=22
num_leaves=11
num_cat=0
split_feature=7 26 34 7 18 26 26 5 18 8
split_gain=5.19299 1.87242 3.36359 5.44305 1.86192 1.82986 1.56273 1.29036 3.35595 1.54246
threshold=0.10272801034381333 0.44037342644254202 0.027331172936831186 0.31058242260193131 -0.0019289701875685459 0.039193589699666034 0.3973398260011976 0.07574089087242146 -0.15392838531973499 0.16062097677950052
decision_type=8 10 10 10 10 10 10 8 10 8
left_child=4 2 6 -4 -1 -6 -2 8 -3 -9
right_child=1 7 3 -5 5 -7 -8 9 -10 -11
leaf_value=-4.8041604445641898e-06 1.1045909162094491e-05 -1.5546906556494532e-05 -0.00025927016117895883 3.4817925234381219e-05 -8.8546892860730801e-05 -7.9392353165153929e-05 -0.00016880019553491753 -0.00023922374547078192 -0.00013343944149900856 0.00021459244527135778
leaf_weight=17.609250186942518 2884.3741212491877 15.115997091867028 247.17167315073311 224.186079390347 19.371506536845118 14.980010071769355 499.55221313121729 87.235606343485415 318.4722606157884 3423.7581402948126
leaf_count=104 16381 118 518 454 98 122 2526 1564 1908 18906
internal_value=-0.000223949 -3.91283e-05 -0.00135805 -0.00803972 -0.02668 -0.0380557 -0.000416349 0.00127487 -0.00370758 0.00175821
internal_weight=7751.83 7699.87 3855.28 471.358 51.9608 34.3515 3383.93 3844.58 333.588 3510.99
internal_count=42699 42375 19879 972 324 220 18907 22496 2026 20470
is_linear=0
shrinkage=0.0844352


Tree=23
num_leaves=12
num_cat=0
split_feature=7 16 1 20 12 5 18 31 28 22 2
split_gain=5.14615 2.90973 1.70292 1.48256 4.99438 1.47019 1.35279 1.33133 1.88544 1.27829 0.00811972
threshold=0.10272801034381333 0.83242003464511882 0.11644117647058826 0.0043293110106885089 0.021281191715147429 0.071105693717885263 -0.00034295191521477303 5.2500000000000018 0.078450000000000034 0.078326953202246211 0.049048149401940778
decision_type=8 10 2 8 8 8 10 10 10 8 2
left_child=1 6 3 4 -2 -5 -1 9 -9 -4 -3
right_child=2 10 7 5 -6 -7 -8 8 -10 -11 -12
leaf_value=-1.630406640833052e-05 -2.488149241914327e-05 1.5043856635082588e-05 2.1744154105905683e-05 -0.00015465913487252585 0.0001800147696984502 -1.5247836229935054e-05 -8.1070421138945583e-05 -9.6615264741369542e-05 -0.001103458236809556 0.00051387935666373811 1.5043856635082588e-05
leaf_weight=13.391490668058394 10.102447200566532 6.1076842080801717 1195.305849598255 555.0416190540418 17.141475699376315 4312.6151894354261 23.690427700057626 281.66097398847342 34.159637540578842 1293.8388987507205 8.7711642193607968
leaf_count=84 78 50 5525 3344 662 25824 98 862 78 6002 92
internal_value=-0.00034073 -0.02668 -0.000156697 -0.00111108 -0.0206072 -0.000992728 -0.0392507 0.00149688 -0.00362397 0.00216058 0.00280736
internal_weight=7751.83 51.9608 7699.87 4894.9 27.2439 4867.66 37.0819 2804.97 315.821 2489.14 14.8788
internal_count=42699 324 42375 29908 740 29168 182 12467 940 11527 142
is_linear=0
shrinkage=0.0844352


Tree=24
num_leaves=12
num_cat=0
split_feature=7 18 26 17 5 31 26 22 20 13 5
split_gain=3.45548 1.72247 1.64506 2.70064 2.59 1.58559 1.56615 1.40135 1.98345 1.49248 0.269941
threshold=0.11415769753946489 -0.0019289701875685459 0.54278766210769525 1.1991523973629636 0.217627137804832 1.2650000000000008 0.039193589699666034 0.078326953202246211 0.18307672752164775 3.4257218790182624 0.22174187761102629
decision_type=8 10 10 8 10 8 10 8 10 10 10
left_child=1 10 3 4 -2 -5 -3 9 -9 -4 -1
right_child=2 6 7 5 -6 -7 -8 8 -10 -11 -12
leaf_value=-3.021883776641906e-06 -0.00019281359165091873 -7.4225226558579313e-05 1.7659403079885494e-05 -0.00011609304794930124 4.0104937036652238e-06 0.00013533839419964364 -6.806601082469457e-05 0.0007029277843276909 -0.0010102875558614006 -0.00018044081156181566 0.00026924087125097161
leaf_weight=8.1817518663592654 1442.2656802977435 19.728462094906718 1491.1433805800043 1179.0770703228191 1028.0463270274922 1433.6740819374099 17.903344348538667 971.90147068607621 82.205534567590803 63.783370546996593 13.916383787058292
leaf_count=80 7118 102 10448 6550 5231 7318 222 4806 302 440 82
internal_value=-0.000234459 -0.0203686 -7.22943e-05 -0.000961027 -0.00296544 0.000921702 -0.0312438 0.00164634 0.00402229 1.34989e-05 -6.54525e-05
internal_weight=7751.83 59.7299 7692.1 5083.06 2470.31 2612.75 37.6318 2609.03 1054.11 1554.93 22.0981
internal_count=42699 486 42213 26217 12349 13868 324 15996 5108 10888 162
is_linear=0
shrinkage=0.0844352


Tree=25
num_leaves=12
num_cat=0
split_feature=8 34 16 5 34 12 5 26 5 10 21
split_gain=3.27444 2.05531 2.51323 1.96446 1.72089 4.91225 3.9066 1.62182 1.71836 1.53772 0.358509
threshold=0.13182424886702512 -0.013252614868770605 0.61021106591591578 0.12859688726177221 0.034900912487407683 0.023400168759622763 0.22851929581898836 0.53701038874513884 0.20375208223187632 0.32796239888831602 0.0053490699101557656
decision_type=8 10 10 10 10 10 10 10 8 8 8
left_child=1 2 -1 -3 7 -6 -7 8 -2 -9 -4
right_child=4 3 10 -5 5 6 -8 9 -10 -11 -12
leaf_value=-6.7958007128518115e-05 -9.7854000860391242e-05 -0.00017010697099183595 -7.6462393850622946e-05 -1.6102311032305918e-05 -0.0004133547565416582 0.00019661595844507336 -0.00060066723710509612 7.7167030694530696e-06 2.2570544481637602e-05 0.00041113804201594521 1.1793618125833086e-05
leaf_weight=18.557961711660028 2625.6244574794546 16.301711536943913 2.2773309824988237 17.027537323534489 28.562240090221167 363.43166954629123 127.14022073149681 1155.6460847156122 2179.2579493238591 1172.4092127929907 45.59048182843253
leaf_count=84 13076 44 28 100 112 1318 614 9165 11341 5619 1198
internal_value=-0.000143926 -0.0152994 -0.00598742 -0.0324638 5.04688e-05 -0.00463535 -0.0025592 0.000396486 -0.000484116 0.00222783 0.00369668
internal_weight=7751.83 99.755 66.4258 33.3292 7652.07 519.134 490.572 7132.94 4804.88 2328.06 47.8678
internal_count=42699 1454 1310 144 41245 2044 1932 39201 24417 14784 1226
is_linear=0
shrinkage=0.0844352


Tree=26
num_leaves=10
num_cat=0
split_feature=7 0 17 19 26 21 28 10 31
split_gain=2.11293 1.77814 1.4006 2.08867 2.83913 2.44759 1.74298 1.71198 1.10894
threshold=0.057775303871058288 0.20237500000000005 1.1991523973629636 0.048952507265150859 0.24473006332045175 0.052543473233710565 -0.019499999999999986 0.15409055513279549 5.2500000000000018
decision_type=8 2 10 10 8 10 8 10 10
left_child=1 -1 3 5 -5 -2 7 -4 -8
right_child=2 -3 6 4 -6 -7 8 -9 -10
leaf_value=-3.44221910495816e-06 -7.4389989415096344e-05 -6.2219961420190687e-05 -0.00062969142209888095 -0.00034008926337012651 0.00021736532223407359 -0.000335430918990136 0.00020008733398309188 -9.4083487617883124e-05 -0.00029892950702426591
leaf_weight=19.131836331449449 1809.7043674613815 19.823534320108593 28.7432372989133 163.12310911621898 1781.6578560261987 22.456685753539205 3053.4846862629056 597.2230298970826 256.47851559519768
leaf_count=54 11986 108 280 968 8428 154 16512 3553 656
internal_value=-0.000130636 -0.0196019 -2.65404e-05 -0.00119214 0.000721171 -0.00324069 0.00108359 -0.00298016 0.00186248
internal_weight=7751.83 38.9554 7712.87 3776.94 1944.78 1832.16 3935.93 625.966 3309.96
internal_count=42699 162 42537 21536 9396 12140 21001 3833 17168
is_linear=0
shrinkage=0.0844352


Tree=27
num_leaves=10
num_cat=0
split_feature=7 14 21 15 10 21 16 10 7
split_gain=2.65268 2.19764 1.70238 1.37286 2.05654 1.36171 3.30841 1.19447 1.17058
threshold=0.1470132024365535 11.26233928108716 0.092854431362880588 0.477684822826139 0.59977786619975282 0.004853560986768618 0.84150211922510432 0.69978613671362899 0.14388152181705907
decision_type=8 10 10 8 10 8 8 10 10
left_child=1 2 8 4 -2 6 -5 -7 -1
right_child=3 -3 -4 5 -6 7 -8 -9 -10
leaf_value=-3.8960552855170558e-05 6.0590951668055938e-05 -6.4569052428984072e-05 -3.3095987075326993e-05 -0.00034909875464347276 -0.0005792880962185782 5.0534766461827247e-06 -0.00013275077851977011 0.00064790187387322215 -0.00025146543031280631
leaf_weight=204.63524290267378 13.228917311877014 15.476040573790668 6.7261895528063169 16.936738279648125 8.728094791993497 7097.6192548249383 62.279535094276071 297.22231480618939 28.974529924802482
leaf_count=2137 88 81 43 148 62 38327 348 1151 314
internal_value=-0.000146858 -0.00859415 -0.00639175 0.000137649 -0.0206566 0.000204758 -0.0107541 0.000327457 -0.00496484
internal_weight=7751.83 255.812 240.336 7496.01 21.957 7474.06 79.2163 7394.84 233.61
internal_count=42699 2575 2494 40124 150 39974 496 39478 2451
is_linear=0
shrinkage=0.0844352


Tree=28
num_leaves=12
num_cat=0
split_feature=7 14 21 22 22 28 5 38 14 31 28
split_gain=2.19324 2.32346 1.78365 1.47075 1.68876 4.13384 1.91882 1.16212 1.02692 1.09549 1.00224
threshold=0.1470132024365535 11.26233928108716 0.092854431362880588 0.073200051392032492 0.068700371050491996 -0.019 0.07574089087242146 10.500000000000002 1.3564586225750273 5.2500000000000018 -0.010050000000000002
decision_type=8 10 10 10 8 8 8 2 8 10 8
left_child=1 2 7 4 6 -6 -2 -1 10 -10 -5
right_child=3 -3 -4 8 5 -7 -8 -9 9 -11 -12
leaf_value=-2.5673100312948201e-05 -0.00013279120377227002 -5.9117153678035815e-05 -3.030152186622659e-05 0.00024523502399442223 -0.00057991718522755996 -4.0257806828272268e-05 1.4116716547319236e-05 -0.00023531589893259253 0.0003701370050898279 -0.00035016427573758031 -0.00042090771756748198
leaf_weight=199.52595700602978 698.39649898419157 15.476040573790668 6.7261895528063169 143.91126313339919 72.944955949671566 266.08084587217309 4199.801449383609 34.083815821446478 1725.4358973498456 182.28901358693838 207.15493084909394
leaf_count=2248 3717 81 43 776 734 2738 22172 203 8609 392 986
internal_value=-0.000127559 -0.00780885 -0.005556 0.000130748 -0.000641243 -0.00640292 -0.000234992 -0.00410509 0.00193503 0.0027151 -0.00220742
internal_weight=7751.83 255.812 240.336 7496.01 5237.22 339.026 4898.2 233.61 2258.79 1907.72 351.066
internal_count=42699 2575 2494 40124 29361 3472 25889 2451 10763 9001 1762
is_linear=0
shrinkage=0.0844352


end of trees

feature_importances:
parkinson_rv_10d=23
cc_rv_10d=23
iv_rank=22
tlt_spy_ratio_30d=19
hist_move_avg_8q=17
iv_crush_pct=13
iv_mom_week=13
drift_5d=12
hist_move_avg_4q=12
hist_move_std_4q=12
volume_ratio_20d=10
hist_move_med_8q=10
hv_rank=10
parkinson_rv_20d=9
vol_of_vol_20d=9
hist_move_med_4q=9
parkinson_rv_60d=7
rv_term_ratio=7
hist_event_count=7
vix_change_30d=7
cc_rv_20d=5
straddle_pct=4
event_move_implied=4
iv_rv_ratio_60d=4
iv_cc_rv_ratio_20d=4
atm_iv=3
spy_drift_60d=3
log_spot=3
em_iv_pct=2
event_vol_fraction=2
iv_rv_ratio_20d=2
vix_current=2
vix_pct_252d=1
earnings_month=1

parameters:
[boosting: gbdt]
[objective: quantile]
[metric: quantile]
[tree_learner: serial]
[device_type: cpu]
[data_sample_strategy: bagging]
[data: ]
[valid: ]
[num_iterations: 1500]
[learning_rate: 0.0844352]
[num_leaves: 31]
[num_threads: 8]
[seed: 42]
[deterministic: 0]
[force_col_wise: 0]
[force_row_wise: 0]
[histogram_pool_size: -1]
[max_depth: 4]
[min_data_in_leaf: 59]
[min_sum_hessian_in_leaf: 0.001]
[bagging_fraction: 0.863516]
[pos_bagging_fraction: 1]
[neg_bagging_fraction: 1]
[bagging_freq: 0]
[bagging_seed: 400]
[bagging_by_query: 0]
[feature_fraction: 0.731713]
[feature_fraction_bynode: 1]
[feature_fraction_seed: 30056]
[extra_trees: 0]
[extra_seed: 12879]
[early_stopping_round: 0]
[early_stopping_min_delta: 0]
[first_metric_only: 0]
[max_delta_step: 0]
[lambda_l1: 0.39161]
[lambda_l2: 0.579482]
[linear_lambda: 0]
[min_gain_to_split: 0]
[drop_rate: 0.1]
[max_drop: 50]
[skip_drop: 0.5]
[xgboost_dart_mode: 0]
[uniform_drop: 0]
[drop_seed: 17869]
[top_rate: 0.2]
[other_rate: 0.1]
[min_data_per_group: 100]
[max_cat_threshold: 32]
[cat_l2: 10]
[cat_smooth: 10]
[max_cat_to_onehot: 4]
[top_k: 20]
[monotone_constraints: ]
[monotone_constraints_method: basic]
[monotone_penalty: 0]
[feature_contri: ]
[forcedsplits_filename: ]
[refit_decay_rate: 0.9]
[cegb_tradeoff: 1]
[cegb_penalty_split: 0]
[cegb_penalty_feature_lazy: ]
[cegb_penalty_feature_coupled: ]
[path_smooth: 0]
[interaction_constraints: ]
[verbosity: -1]
[saved_feature_importance_type: 0]
[use_quantized_grad: 0]
[num_grad_quant_bins: 4]
[quant_train_renew_leaf: 0]
[stochastic_rounding: 1]
[linear_tree: 0]
[max_bin: 255]
[max_bin_by_feature: ]
[min_data_in_bin: 3]
[bin_construct_sample_cnt: 200000]
[data_random_seed: 175]
[is_enable_sparse: 1]
[enable_bundle: 1]
[use_missing: 1]
[zero_as_missing: 0]
[feature_pre_filter: 1]
[pre_partition: 0]
[two_round: 0]
[header: 0]
[label_column: ]
[weight_column: ]
[group_column: ]
[ignore_column: ]
[categorical_feature: ]
[forcedbins_filename: ]
[precise_float_parser: 0]
[parser_config_file: ]
[objective_seed: 16083]
[num_class: 1]
[is_unbalance: 0]
[scale_pos_weight: 1]
[sigmoid: 1]
[boost_from_average: 1]
[reg_sqrt: 0]
[alpha: 0.1]
[fair_c: 1]
[poisson_max_delta_step: 0.7]
[tweedie_variance_power: 1.5]
[lambdarank_truncation_level: 30]
[lambdarank_norm: 1]
[label_gain: ]
[lambdarank_position_bias_regularization: 0]
[eval_at: ]
[multi_error_top_k: 1]
[auc_mu_weights: ]
[num_machines: 1]
[local_listen_port: 12400]
[time_out: 120]
[machine_list_filename: ]
[machines: ]
[gpu_platform_id: -1]
[gpu_device_id: -1]
[gpu_use_dp: 0]
[num_gpu: 1]

end of parameters

pandas_categorical:[]
