tree
version=v4
num_class=1
num_tree_per_iteration=1
label_index=0
max_feature_idx=39
objective=quantile
feature_names=atm_iv straddle_pct em_iv_pct dte event_move_implied iv_crush_pct event_vol_fraction parkinson_rv_10d parkinson_rv_20d parkinson_rv_60d cc_rv_10d cc_rv_20d vol_of_vol_20d iv_rv_ratio_20d iv_rv_ratio_60d iv_cc_rv_ratio_20d rv_term_ratio volume_ratio_20d drift_5d hist_move_avg_4q hist_move_med_4q hist_move_std_4q hist_move_avg_8q hist_move_med_8q hist_event_count hist_straddle_accuracy iv_rank hv_rank iv_mom_week iv_mom_month vix_current vix_change_30d vix_pct_252d spy_drift_60d tlt_spy_ratio_30d log_spot timing_bmo timing_amc earnings_month earnings_dow
feature_infos=[0.024199999999999999:9.9293999999999993] [0.002142857142857143:2.21] [0.0053740931060346142:1.5591856490901803] [1:60] [0:1.1296746668417901] [-7.8719008264462813:0.9435927580531388] [0.035178152001413186:173.3117510595934] [0.012475812364060786:1.4739688948412315] [0.014528699580470076:1.2438967218232768] [0.013207812215560761:1.4952309709118137] [0.0066679270609813152:6.9342884920552006] [0.0068262195275598627:8.2027230917918654] [0.0027020016679954314:0.62244251568894249] [0.26930305252671605:99.583912805520455] [0.20974968805216301:66.302880156718047] [0.051441721062870392:127.82888870730311] [0.09527953453298528:2.4494897427831788] [0.23972616521001539:11.824474731441196] [-0.52344068487566253:0.61354838709677417] [0:0.5085720135024111] [0:0.5] [0:0.74631856464742785] [0:0.5] [0:0.5] [0:24] [0.0015431424037530123:41.510601492389036] [0:1] [-11.142857142856565:8.4000000000002668] [-0.81919999999999993:0.69280000000000008] [-0.65920000000000001:0.62860000000000005] [12.039999999999999:52.329999999999998] [-29.849999999999998:24.469999999999999] [0.0065963060686015833:1] [-0.15722837228372288:0.2501611343860779] [-0.2127845500662231:0.18641926279590715] [0.19885085874516517:8.6444864170736135] [0:1] [0:1] [1:12] [1:5]
tree_sizes=1847 1918 1903 1918 1928 1910 1805 1914 1923 1915 1928 1928 1790 1918 1927 1799 1898 1798 1933 1917 1585 1707 1605 1808 1910 1569 1896 1592 1905 1789 1577 1362 1248 1804 1031 1697 1043 1468 1805 1811 1152 1689 1042 1041 1029 1035 1554 1911 918

Tree=0
num_leaves=16
num_cat=0
split_feature=19 9 1 19 23 27 34 31 7 0 8 28 18 15 31
split_gain=127.962 25.1311 23.0644 10.3195 8.62877 7.99881 7.03933 6.63656 5.07595 4.62926 4.51275 3.81444 2.70482 2.06979 2.04405
threshold=0.07194986545001604 0.29137571214474495 0.13263654419066537 0.046906351396710032 0.043318265711086164 0.58000303871406989 0.03115698259401856 5.8649999999999993 0.32663141549215086 0.51585000000000014 0.20470821940207565 0.033300000000000017 0.068434191851687767 1.4258731641809335 1.9350000000000007
decision_type=10 10 2 8 10 8 8 8 10 2 8 8 10 8 8
left_child=1 4 9 11 12 -5 8 -8 -4 14 -6 -3 -1 -11 -2
right_child=2 3 6 5 10 -7 7 -9 -10 13 -12 -13 -14 -15 -16
leaf_value=0.086635024969031707 0.090641980273368214 0.087607019978510378 0.093850213624216902 0.092835587947225323 0.086742860291672122 0.088552653243343257 0.089817680422645457 0.09364423160973441 0.096449465478652505 0.089526428265862906 0.089021416013227092 0.090007401063353087 0.091907114398143808 0.092341855925668376 0.088839872297596878
leaf_weight=2576.9316120047588 351.70590241765603 528.2393691483885 273.72939951065928 577.56277005933225 287.89179910439998 256.17871626000851 170.22448495775461 93.956183504313231 717.48529269266874 103.52933299494907 783.37622600561008 186.59438556805253 62.879174433648586 505.12629179144278 276.41591760935262
leaf_count=16815 2385 2678 1357 2179 2712 1321 470 380 2707 502 3814 853 418 2500 1608
internal_value=0.0894739 0.0820024 0.105227 0.0910184 0.0782316 0.097415 0.1133 0.100801 0.116589 0.0969992 0.0846738 0.0836035 0.0756314 0.102256 0.0918458
internal_weight=7751.83 5259.65 2492.17 1548.58 3711.08 833.741 1255.4 264.181 991.215 1236.78 1071.27 714.834 2639.81 608.656 628.122
internal_count=42699 30790 11909 7031 23759 3500 4914 850 4064 6995 6526 3531 17233 3002 3993
is_linear=0
shrinkage=1


Tree=1
num_leaves=16
num_cat=0
split_feature=22 1 22 26 10 30 5 19 10 19 7 18 28 28 22
split_gain=105.004 25.5617 17.9384 6.69822 6.51059 6.233 5.84219 5.04265 3.51951 3.2321 3.22365 3.54409 3.41463 2.92612 2.36381
threshold=0.063017126287463851 0.13263654419066537 0.033514669443533242 0.43561692554675741 0.31443813204168275 19.170000000000005 0.1239325620688659 0.087281246455656727 0.32132890549909815 0.04837630467791542 0.26593326730645356 0.068434191851687767 0.0046999999999999967 0.036600000000000056 0.078896669152223681
decision_type=10 2 8 8 8 8 10 10 8 10 10 10 8 10 10
left_child=2 7 10 13 9 -5 -6 14 -9 -4 11 -1 -12 -3 -2
right_child=1 3 4 5 6 -7 -8 8 -10 -11 12 -13 -14 -15 -16
leaf_value=-0.0035393888872672936 -0.00042573094083730344 0.0019501436751059454 -0.0021507541197973053 0.0073399131068342619 -0.001766367381537972 0.0049114356320811778 0.00058957411777072865 0.0012779467576341337 0.0033630186160001022 -0.00098307375312579599 -0.0029696890682908198 0.0028008704422981859 -0.00063076265103722249 0.0057517429020607254 0.00063276825084146362
leaf_weight=1242.4421345745213 579.22407897002995 251.82400707295164 1081.6357688000426 673.83904670458287 367.31689987005666 451.65211860882118 756.41986202518456 400.49957049963996 307.57741280412301 862.05611286219209 186.72784087108448 21.102498838678002 189.77248169342056 76.924590551760048 302.81243331590667
leaf_count=7944 3338 1052 6208 2796 2167 1506 4748 2615 1457 4819 1059 141 1013 310 1526
internal_value=-0.00040845 0.0118058 -0.00831496 0.0199004 -0.0044871 0.0230172 0.000601672 0.00437746 0.0096817 -0.00744546 -0.0154501 -0.0175192 -0.0084022 0.00910782 7.83131e-05
internal_weight=7751.83 3044.35 4707.47 1454.24 3067.43 1125.49 1123.74 1590.11 708.077 1943.69 1640.04 1263.54 376.5 328.749 882.037
internal_count=42699 14600 28099 5664 17942 4302 6915 8936 4072 11027 10157 8085 2072 1362 4864
is_linear=0
shrinkage=0.0844352


Tree=2
num_leaves=16
num_cat=0
split_feature=23 1 9 5 8 5 8 30 17 0 20 20 17 33 31
split_gain=69.7831 26.8317 11.9118 7.53198 7.33568 6.97444 8.27002 6.83818 5.69073 4.47221 4.23663 4.01558 4.29585 3.00877 2.67113
threshold=0.043761525648657658 0.13503205128205134 0.28704645445470006 0.14303108246998616 0.20601735241608479 0.18653668047128655 0.33994128297505355 18.155000000000005 1.5286386120807862 0.82852500000000007 0.065154850027224029 0.048548247718312156 1.3338081024754656 0.028870247836177757 1.1800000000000008
decision_type=10 2 10 10 10 8 8 10 10 2 10 8 8 8 10
left_child=2 4 11 10 14 8 -7 -5 -3 -6 -4 12 -1 -13 -2
right_child=1 5 3 7 9 6 -8 -9 -10 -11 -12 13 -14 -15 -16
leaf_value=-0.0029361792925835391 -0.000428770382481055 0.0023816866485309521 -0.0020621395163511248 0.0021190455776406479 0.00035004382521266249 0.0031277783304293361 0.0063687321657223562 -0.00045627985848900506 0.00526956797928692 0.00307906157617592 0.0034790810189991913 0.0010396507347215343 -0.001788184292657168 -0.0012623612023083142 -0.0030006755910469722
leaf_weight=1482.5054401247762 305.30649849120528 524.74169048434123 317.73079646006227 256.25444748625159 1974.863496246282 236.14222692092881 585.75670537957922 301.36461503151804 161.76402146508917 236.29543568845838 18.114117749035358 102.13050983846188 879.48052787641063 212.45301672560163 156.92331209499389
leaf_count=9077 3029 1761 1515 1255 9486 1279 2320 1452 533 1094 74 305 5357 2830 1332
internal_value=-0.000999125 0.00639777 -0.00967244 -0.0011888 0.00130297 0.0154015 0.0206799 0.00478519 0.00902196 0.00333619 -0.0111971 -0.0124911 -0.0136893 -0.00338163 -0.00834387
internal_weight=7751.83 4181.79 3570.03 893.464 2673.39 1508.4 821.899 557.619 686.506 2211.16 335.845 2676.57 2361.99 314.584 462.23
internal_count=42699 20834 21865 4296 14941 5893 3599 2707 2294 10580 1589 17569 14434 3135 4361
is_linear=0
shrinkage=0.0844352


Tree=3
num_leaves=16
num_cat=0
split_feature=22 22 1 26 34 9 33 19 7 19 33 18 18 7 18
split_gain=73.4476 16.5285 14.2407 8.16977 9.273 5.66349 5.77077 4.47078 4.15105 3.88073 3.6627 3.44609 3.39561 2.98729 2.35762
threshold=0.063017126287463851 0.033514669443533242 0.13263654419066537 0.43561692554675741 0.03115698259401856 0.39125341581959339 0.029755976761547513 0.087281246455656727 0.26593326730645356 0.047129386629867397 0.050715242050076277 -0.038136639853410419 0.068434191851687767 0.32173419875013071 -0.085582932047035973
decision_type=10 8 2 8 8 8 10 8 10 10 10 10 10 8 10
left_child=1 8 7 14 -5 9 -7 10 12 -3 -2 -10 -1 -9 -4
right_child=2 5 3 4 -6 6 -8 13 11 -11 -12 -13 -14 -15 -16
leaf_value=-0.003059760426707477 -0.00047634828998199878 -0.0018102112041663663 -0.002474838160619477 0.0061133760925617918 0.00079744364038159725 -0.00039889980031900972 0.0038556973053512386 0.0015055192987316209 0.00039886855698105696 -0.00039018893331052763 0.0010293009469198805 -0.0022637740665072386 0.0027153641177257025 0.0029237776050112709 0.0026060677924082316
leaf_weight=1242.4421345745213 571.63689846126363 1405.3591759791598 35.649453670252115 873.60377792268991 251.88738739071414 287.69391172030009 102.27482374850661 446.59799452591687 82.412619413342327 1272.1007321095094 310.399613824673 294.08770315116271 21.102498838678002 261.4789887778461 293.09914395445958
leaf_count=7944 2632 7556 130 3530 772 3079 516 2981 402 6791 2232 1670 141 1091 1232
internal_value=-0.00101325 -0.00762617 0.00920093 0.0152452 0.0186709 -0.00395166 0.00550732 0.00364882 -0.0144748 -0.00534259 -0.000327253 -0.00653423 -0.0168106 0.0086446 0.00340448
internal_weight=7751.83 4707.47 3044.35 1454.24 1125.49 3067.43 389.969 1590.11 1640.04 2677.46 882.037 376.5 1263.54 708.077 328.749
internal_count=42699 28099 14600 5664 4302 17942 3595 8936 10157 14347 4864 2072 8085 4072 1362
is_linear=0
shrinkage=0.0844352


Tree=4
num_leaves=16
num_cat=0
split_feature=19 0 21 10 26 23 18 26 19 16 33 17 18 18 33
split_gain=62.7024 21.9036 9.52515 6.50015 5.9835 3.96943 3.96041 3.48772 3.39598 2.97003 3.11644 2.50238 2.11601 0.974327 0.672411
threshold=0.047129386629867397 0.51585000000000014 0.052543473233710565 0.31753907405222059 0.43561692554675741 0.026768522853226593 0.053228694212756895 0.19533299115921202 0.085884233475752567 1.4087149743338168 0.017600365507825292 1.3420738578903342 0.068434191851687767 -0.12082127856567569 0.070850511607882263
decision_type=10 2 10 10 10 8 10 8 10 10 10 10 10 8 8
left_child=3 7 6 5 -4 12 -3 14 -9 10 -5 -7 -1 -11 -2
right_child=1 2 4 9 -6 11 -8 8 -10 13 -12 -13 -14 -15 -16
leaf_value=-0.0027305252685526139 -0.0044450642791389267 0.00034644604486854143 0.0021837927979425579 -0.0017639378228387558 0.0042455867865682905 -0.0020389730978971946 0.0048683749575497322 -0.00040499414409559374 0.0014433513305601414 0.00036519002360023553 0.00043840034219875374 -0.0007550364736680147 0.001988727677328531 -0.0026077880677480647 -0.0026636620966911536
leaf_weight=1207.5949671734124 75.962560826912522 776.28852814994752 418.27521102875471 209.15104854805395 1066.7974494663067 829.03006308875047 124.08034052420408 1484.3340929886326 413.37465424649417 8.1939025521278364 487.42862771824002 466.83535887114704 18.919763565063477 139.66792141785845 25.892367897089571
leaf_count=7449 208 3634 1783 914 4234 6500 663 8296 2612 22 2192 2562 136 1030 464
internal_value=-0.00115171 0.00549727 0.010961 -0.00982073 0.0151227 -0.0119722 0.00405479 -0.00100565 -0.000168814 -0.00335119 -0.000988424 -0.00864849 -0.0154512 -0.0142122 -0.0161852
internal_weight=7751.83 4385.01 2385.44 3366.82 1485.07 2522.38 900.369 1999.56 1897.71 844.442 696.58 1295.87 1226.51 147.862 101.855
internal_count=42699 21894 10314 20805 6017 16647 4297 11580 10908 4158 3106 9062 7585 1052 672
is_linear=0
shrinkage=0.0844352


Tree=5
num_leaves=16
num_cat=0
split_feature=22 22 19 7 11 7 21 10 21 7 18 16 35 18 7
split_gain=57.6944 12.7932 9.91101 6.45856 7.57143 5.91789 6.51238 4.49362 5.00292 3.67146 3.74269 3.56509 3.05594 2.87387 2.50382
threshold=0.063017126287463851 0.033514669443533242 0.10560087189427726 0.5332587229051281 0.79627403076935788 0.32173419875013071 0.080771204621701606 0.31443813204168275 0.053812556566052584 0.26425533474580909 0.068434191851687767 1.2584624460251803 2.5843747685949743 -0.020116489394740752 0.26425533474580909
decision_type=10 8 10 10 10 10 8 8 10 10 10 8 2 10 10
left_child=1 9 3 11 -5 14 -7 13 -9 10 -1 -2 -11 -3 -4
right_child=2 7 5 4 -6 6 -8 8 -10 12 -12 -13 -14 -15 -16
leaf_value=-0.0025836934608057813 0.00084883566012048219 -6.7982326306385287e-05 0.0026952275878217927 0.0076391820217957453 -0.0013219238175555879 0.008362234024274131 0.0036028517657060045 -0.0003696086074312842 0.001712534167844228 0.0013621706949692274 0.0023181733395272923 -0.00080451040255495609 -0.0018083046728113127 -0.0014570136799155532 0.00013613186613171309
leaf_weight=1225.0013391957618 1583.2492888504639 461.2879847092554 186.682980556041 124.68725074129179 47.979005146771669 235.52080062404275 442.58408801304176 988.46966374688782 135.2670981483534 25.849120234604925 18.140502506867051 184.0585928442888 371.05399404047057 1482.4038969529793 239.59125175187364
leaf_count=7882 7801 2484 1286 314 130 976 1751 6307 608 200 134 1184 1941 8543 1158
internal_value=-0.00120681 -0.00706808 0.00784521 0.00418399 0.0197722 0.0142411 0.019164 -0.00383303 0.000389614 -0.013095 -0.0153691 0.00263634 -0.00587709 -0.00629073 0.00631709
internal_weight=7751.83 4707.47 3044.35 1939.97 172.666 1104.38 678.105 3067.43 1123.74 1640.04 1243.14 1767.31 396.903 1943.69 426.274
internal_count=42699 28099 14600 9429 444 5171 2727 17942 6915 10157 8016 8985 2141 11027 2444
is_linear=0
shrinkage=0.0844352


Tree=6
num_leaves=15
num_cat=0
split_feature=22 0 21 17 27 8 30 5 1 28 20 30 16 22
split_gain=47.0157 16.521 6.75038 5.04378 4.75911 4.59307 3.80286 3.63174 2.86393 2.43178 2.4647 1.98824 1.73197 0.888286
threshold=0.044713877541768254 0.51585000000000014 0.052543473233710565 1.9287460629753141 0.092900933707985037 0.19130005668817682 25.640000000000004 0.13940428090492743 0.088628526645768035 -0.012399999999999979 0.048548247718312156 19.170000000000005 1.0271858372492733 0.027352004582246771
decision_type=10 2 10 10 10 8 10 8 2 8 8 8 10 10
left_child=3 8 4 5 -3 13 -4 -7 12 -5 -11 -10 -2 -1
right_child=1 2 6 9 -6 7 -8 -9 11 10 -12 -13 -14 -15
leaf_value=-0.0029956957117813991 -0.0014172875018161461 -0.0017619223088542984 0.0029834653133316916 -0.0018364285498427618 0.0018935959083273203 -0.002238015535646668 0.0035543201884335029 -0.0013314216067915109 0.00036645928636098123 0.00030553790903175095 0.0020617012835433103 -0.00053803472976328523 5.4145311783515385e-05 -0.0021957360817197675
leaf_weight=390.00910747982562 603.59339057141915 175.79180613113567 1445.9591439538635 28.796358671039343 919.19211918022484 753.51922512706369 37.324537813663483 1262.5247893880587 966.11682606721297 135.98241232521832 17.087962787598372 401.92355937045068 305.0495863459073 308.95603285031393
leaf_count=2999 3802 774 5869 182 4278 4501 138 7541 4910 829 88 1924 2149 2715
internal_value=-0.00125102 0.00382345 0.00845297 -0.00976592 0.00338008 -0.0106809 0.0121728 -0.00859747 -0.00140563 0.00370235 0.00809705 0.00101495 -0.00508472 -0.0166307
internal_weight=7751.83 4854.95 2578.27 2896.88 1094.98 2715.01 1483.28 2016.04 2276.68 181.867 153.07 1368.04 908.643 698.965
internal_count=42699 23844 11059 18855 5052 17756 6007 12042 12785 1099 917 6834 5951 5714
is_linear=0
shrinkage=0.0844352


Tree=7
num_leaves=16
num_cat=0
split_feature=22 22 10 26 35 34 11 17 32 8 33 26 34 17 23
split_gain=38.0698 13.0254 8.51154 6.63335 6.79272 4.7237 3.6976 6.32393 3.53539 5.50468 3.44598 3.1258 2.90689 2.78973 1.1155
threshold=0.073200051392032492 0.031317037481367618 0.350510142723989 0.56782621870882755 3.8951819830608412 -0.018040033853196632 0.25639320685932049 1.6435090493795175 0.78166226912928771 0.35834077498583061 0.029755976761547513 0.94585949048102447 -0.025606346561289847 1.0399031423211256 0.03230947992800013
decision_type=10 8 10 10 2 8 10 10 10 10 8 10 10 10 10
left_child=1 6 5 10 -5 12 14 -8 9 -3 -4 -10 -2 -7 -1
right_child=2 8 3 4 -6 13 7 -9 11 -11 -12 -13 -14 -15 -16
leaf_value=-0.0023379952785215841 0.0012478895123499163 -0.00064086888357298708 -0.00054665012142118851 0.0068342803214422243 0.0028463896081215244 -0.00087140986370337311 -0.0017828992167631481 0.00088900605034923565 -0.0015404378781082653 0.0017343691282819785 0.0033686312136058882 0.0006950347762822006 0.0040966681570488404 0.00055303231499322688 0.00032739142739741402
leaf_weight=942.40922141494229 377.05297395214438 2507.9032571103889 255.75945012178272 276.1092743021436 308.6315629389137 249.51670205639675 428.97583070630208 64.214895889628679 1011.423895326443 456.64460163470358 285.896808472462 36.113692594692111 154.95884526707232 380.92810166720301 15.287744607776402
leaf_count=6013 3254 15616 796 1122 1198 979 2551 349 5194 1522 1503 348 504 1623 127
internal_value=-0.00143001 -0.00526357 0.0077044 0.0129407 0.0192004 0.00259816 -0.0121248 -0.00606253 -0.00277271 -0.00126857 0.00610882 -0.00699485 0.00846639 -0.00230467 -0.0152067
internal_weight=7751.83 5462.97 2288.85 1126.4 584.741 1162.46 1450.89 493.191 4012.09 2964.55 541.656 1047.54 532.012 630.445 957.697
internal_count=42699 31720 10979 4619 2320 6360 9040 2900 22680 17138 2299 5542 3758 2602 6140
is_linear=0
shrinkage=0.0844352


Tree=8
num_leaves=16
num_cat=0
split_feature=22 1 33 8 8 20 26 23 26 15 34 19 21 27 26
split_gain=32.6849 11.3111 5.98825 4.69282 4.50243 3.56024 3.24451 2.86472 2.56866 2.57086 2.4093 2.15032 2.51487 1.77151 0.463832
threshold=0.044713877541768254 0.11002717391304349 0.023090666938314078 0.3037326399455374 0.18810054934289491 0.059180506283549629 0.93494690856080831 0.0077067187392526057 0.19533299115921202 1.0026560798604278 0.027331172936831186 0.032192736774672014 0.011155036473975909 0.36228023686443123 0.4431075016576031
decision_type=10 2 10 10 8 10 10 8 10 8 10 8 8 10 10
left_child=4 8 5 -4 11 -3 7 -6 13 -10 -8 14 -13 -2 -1
right_child=1 2 3 -5 6 -7 10 -9 9 -11 -12 12 -14 -15 -16
leaf_value=-0.0026446804601089322 -0.0021177018038735108 -0.00066352163257330139 0.00057099409392684375 0.0041924711003037927 0.0015569834132927716 0.0016832429781525437 -3.6792565237913464e-05 -0.0013161135548090807 -0.0017062891567877186 3.3853932791282335e-05 0.001168900975231799 0.0019417330619990228 -0.0011833795559895231 0.00034261587712441303 -0.002575645401271543
leaf_weight=409.33672717260197 170.57597274053842 369.06783570209518 414.46129159163684 982.90868895035237 35.748981209937483 878.71776502905414 15.389208370354028 2136.9035629748832 212.41881328588352 1797.8030626676045 11.218661863356827 12.438329309225081 176.29318670881912 28.997539466712624 99.547231019940227
leaf_count=2483 1075 1292 2478 4010 758 3226 222 12122 1069 10498 30 82 1750 196 1408
internal_value=-0.00155267 0.00267725 0.00640444 0.0102059 -0.00865223 0.00211798 -0.00674627 -0.00711885 -0.00176979 -0.000843446 0.0219638 -0.0146029 -0.006592 -0.0109058 -0.0174982
internal_weight=7751.83 4854.95 2645.16 1397.37 2896.88 1247.79 2199.26 2172.65 2209.8 2010.22 26.6079 697.615 188.732 199.574 508.884
internal_count=42699 23844 11006 6488 18855 4518 13132 12880 12838 11567 252 5723 1832 1271 3891
is_linear=0
shrinkage=0.0844352


Tree=9
num_leaves=16
num_cat=0
split_feature=22 22 9 13 9 33 17 12 18 11 7 12 35 31 26
split_gain=27.8744 6.87875 6.13206 7.30576 4.1647 5.70432 3.98937 3.16449 3.06573 6.737 2.75223 3.6104 2.66886 1.14325 0.192486
threshold=0.058764093344377238 0.031621393174662157 0.32288581075495998 1.2044761853895787 0.39125341581959339 0.020365824952906845 2.0589897867313387 0.090996092468815307 -0.021098127602946822 0.2701816020274414 0.1616772789177553 0.047835816937327143 2.8376153625833869 3.7500000000000013 0.64144846088222263
decision_type=10 8 10 10 10 10 10 10 8 10 8 8 2 10 10
left_child=1 8 10 13 7 -6 -5 -3 9 -1 14 -12 -10 -4 -2
right_child=2 4 3 6 5 -7 -8 -9 12 -11 11 -13 -14 -15 -16
leaf_value=-0.0020116828573419161 -0.0039839111838112064 -0.00060749707245090912 -0.0013855159630655253 0.0029147513059496603 -0.00038912664686053579 0.0026672074522395991 0.0067771028013823226 -0.0018557462712801101 0.0006059883238539504 0.00055268542797308224 0.00095763427787951059 -0.00044463049896478226 -0.0019223784762125821 0.00065337821059702596 -0.00092724970311525135
leaf_weight=174.65232851076871 51.084075827617198 2330.2742186000105 221.44847099995241 1390.3538313140161 141.38543234579265 107.96722032409161 97.77900814730674 314.09387592133135 42.640649892389774 102.09589890670031 747.44522666325793 784.0023222817108 1157.8774356278591 82.961383856832981 5.7654788433574131
leaf_count=1304 494 14209 967 5440 765 470 463 1564 466 668 5021 3617 6763 316 172
internal_value=-0.00166533 -0.00612094 0.00408548 0.0074702 -0.00370902 0.00665684 0.00991441 -0.00470022 -0.0108198 -0.00264955 0.000243377 0.00094406 -0.0126735 -0.00436625 -0.0178753
internal_weight=7751.83 4370.99 3380.84 1792.54 2893.72 249.353 1488.13 2644.37 1477.27 276.748 1588.3 1531.45 1200.52 304.41 56.8496
internal_count=42699 26209 16490 7186 17008 1235 5903 15773 9201 1972 9304 8638 7229 1283 666
is_linear=0
shrinkage=0.0844352


Tree=10
num_leaves=16
num_cat=0
split_feature=22 9 33 20 11 11 15 26 26 33 19 20 26 28 22
split_gain=24.5191 9.60618 6.86802 6.16741 5.17879 5.09827 3.39897 3.17679 3.05848 2.80298 2.47593 2.43529 1.67585 1.98678 1.98651
threshold=0.044713877541768254 0.32405473651706768 0.018965121738843575 0.063640479792699947 0.22885909475575225 0.73943651534745036 1.1809645864993537 0.87606135411916741 0.48138533946149326 0.012015466947537525 0.041251523620364265 0.078853127243435697 0.28776410076983344 -0.12709999999999996 0.023634242911373841
decision_type=10 10 8 10 10 10 8 10 8 8 8 10 8 10 8
left_child=4 6 3 -3 12 -4 8 9 -2 -6 -9 -8 13 -1 -14
right_child=1 2 5 -5 7 -7 11 10 -10 -11 -12 -13 14 -15 -16
leaf_value=0.0041619909464607847 -0.0016490047045946033 -0.0013381384376886872 0.0036315070708518348 0.0022889245481905376 -0.0016352600355897433 -0.0006788218862109806 -0.00031938569671613134 0.00021110690177703783 0.00021057837656226599 -0.00048284255940486004 0.0011214987427193282 0.0011303736725307271 -0.0024948130319943692 -0.0021988478885201549 -0.0011560497136810836
leaf_weight=10.720431090332566 270.42874069651589 347.57286964822561 1125.824153422378 547.77939316164702 411.19159177597612 104.55265593156219 1633.7284458908252 19.425673956051469 155.56469603348523 1126.0019545783289 14.686728555709122 669.50001464923844 254.61186904739588 463.24041591444984 596.9972237108741
leaf_count=122 985 1480 4659 2106 2456 360 9009 242 1032 5565 116 4213 1878 3188 5288
internal_value=-0.0017002 0.00196251 0.00622019 0.000554054 -0.00784921 0.0103144 -0.0013422 -0.00453324 -0.00826584 -0.00511898 0.0205533 -4.55255e-05 -0.0117513 -0.0158842 -0.00940305
internal_weight=7751.83 4854.95 2125.73 895.352 2896.88 1230.38 2729.22 1571.31 425.993 1537.19 34.1124 2303.23 1325.57 473.961 851.609
internal_count=42699 23844 8605 3586 18855 5019 15239 8379 2017 8021 358 13222 10476 3310 7166
is_linear=0
shrinkage=0.0844352


Tree=11
num_leaves=16
num_cat=0
split_feature=1 9 15 34 17 19 26 11 35 34 10 21 26 15 18
split_gain=19.4743 8.39675 7.6592 3.99365 3.98735 3.68767 3.58544 3.4607 3.64433 2.81089 2.64956 2.15545 2.3057 2.0598 0.512398
threshold=0.085508620689655188 0.29397034936792249 1.4019158110069971 -0.0042910885317429251 1.263232737895607 0.082496813256502571 0.5744875123258969 0.21171312937641468 6.5612489661757039 -0.018198895838091474 0.28952369440544062 0.014667006890209019 0.4728389778822803 1.7981571563004506 0.068434191851687767
decision_type=2 10 10 10 8 10 10 10 2 10 8 10 8 8 10
left_child=4 5 6 -4 11 9 -3 13 -9 -2 -7 14 -13 -6 -1
right_child=1 2 3 -5 7 10 -8 8 -10 -11 -12 12 -14 -15 -16
leaf_value=-0.0020131877989573868 -0.00014130891929946 -0.00078583018040464625 0.0037143850786488177 0.00029908559026131431 -0.0015501020160703202 0.0025144532013302323 0.0018347246246630451 -0.00010265737339329896 0.00071957496229717375 -0.00093703832521128982 -0.00022857169705032792 -0.0018936053501132117 -0.0003541316482990254 -0.00074001269996235876 0.0022491131070727778
leaf_weight=388.64618814969435 752.19478311412968 817.59304785681888 852.57151400204748 587.33500376902521 319.86210275348276 254.81143404589966 595.24191481852904 673.41814122674987 14.367536054924129 858.96038901805878 195.48336754785851 754.28128536697477 348.33564737904817 329.82355859642848 8.9009443633258325
leaf_count=2900 7117 3383 4586 1620 2094 1481 2387 3482 54 2569 1113 3524 2973 3382 34
internal_value=-0.00168734 0.00152307 0.00449385 0.00882644 -0.00725791 -0.00257213 5.30306e-05 -0.00386353 0.000265089 -0.00446974 0.00414122 -0.0102595 -0.00826591 -0.00828147 -0.0156856
internal_weight=7751.83 4914.19 2852.74 1439.91 2837.64 2061.45 1412.83 1337.47 687.786 1611.16 450.295 1500.16 1102.62 649.686 397.547
internal_count=42699 24256 11976 6206 18443 12280 5770 9012 3536 9686 2594 9431 6497 5476 2934
is_linear=0
shrinkage=0.0844352


Tree=12
num_leaves=15
num_cat=0
split_feature=22 9 30 10 31 4 15 9 24 24 33 34 35 31
split_gain=19.6504 6.24039 5.63907 4.32581 4.95745 4.44489 3.81523 5.13883 3.66304 1.37993 1.35549 2.27367 1.36782 0.562558
threshold=0.073200051392032492 0.18686572605588622 26.445000000000004 0.4096325164549911 2.5200000000000018 0.043027349532319584 1.0026560798604278 0.39125341581959339 10.500000000000002 6.5000000000000009 0.081403193425757206 -0.021350156681198326 2.8376153625833869 11.130000000000001
decision_type=10 8 10 10 8 8 8 10 2 2 8 10 2 8
left_child=1 10 3 4 -2 -5 9 -8 13 -3 12 -12 -1 -4
right_child=2 6 8 5 -6 -7 7 -9 -10 -11 11 -13 -14 -15
leaf_value=0.0030515433339336913 0.0013387131720379525 0.001139749027502525 0.0022211247937661241 0.0037961569596151952 -0.00060403929627978945 -0.0016288907690737639 -0.00046423835919316264 0.0008674520046331528 0.0078320818131510355 -0.0014611606532395807 -0.0014694432046055363 0.001543095707925522 -0.0019366192069091477 -0.0020143069190269457
leaf_weight=15.876304894685743 858.95257363794371 22.392736618872732 11.063669115304945 736.36926015419886 580.99089150968939 70.469452539458871 3550.5392613171134 303.24598920345306 21.045401573181152 674.62035045493394 302.04681658744812 21.191511043347418 573.06016916502267 9.9624702483415621
leaf_count=80 5456 545 84 2649 2338 348 19334 1304 24 2900 4312 180 3065 80
internal_value=-0.00168597 -0.00444073 0.00487403 0.00427874 0.00147676 0.00923375 -0.003152 -0.00210031 0.0353995 -0.00891281 -0.0108278 -0.00622167 -0.0132912 0.00819669
internal_weight=7751.83 5462.97 2288.85 2246.78 1439.94 806.839 4550.8 3853.79 42.0715 697.013 912.175 323.238 588.936 21.0261
internal_count=42699 31720 10979 10791 7794 2997 24083 20638 188 3445 7637 4492 3145 164
is_linear=0
shrinkage=0.0844352


Tree=13
num_leaves=16
num_cat=0
split_feature=22 9 33 11 11 19 15 27 26 31 30 26 26 35 5
split_gain=16.0674 6.76106 6.2952 4.95125 4.71904 3.74078 2.73167 2.71537 3.18781 2.481 2.29887 2.1659 1.60539 2.17335 2.06839
threshold=0.044713877541768254 0.3411188734272283 0.018965121738843575 0.73943651534745036 0.19927004224653269 0.10930842363210486 1.0365987758266215 0.49013639083426525 0.65015152493912332 -5.0699999999999994 30.590000000000003 0.48138533946149326 0.3347958169904614 4.654103186896104 -0.26018376865297438
decision_type=10 10 8 10 10 10 8 10 10 8 10 8 8 2 8
left_child=4 6 5 -4 12 -3 11 9 -9 -6 -8 -2 14 -14 -1
right_child=1 2 3 -5 7 -7 10 8 -10 -11 -12 -13 13 -15 -16
leaf_value=0.00060826177659755712 -0.0014659902632610416 -0.00075382646104989713 0.003274169657599464 -0.00084682676563072132 -0.0027491584863762338 0.0023909878796664254 -6.4680125596153483e-05 -0.001436763066774822 0.00016174011872220674 -0.00014425055595697575 0.0015836692371367176 9.0148085779879447e-05 -0.0017183218593069247 -0.00034291975499206487 -0.0020007838195395815
leaf_weight=12.213058637920767 160.1777741597034 507.90132992714643 945.91826353315264 104.32379534095526 69.027764581143856 274.41730137914419 2755.3956423038617 499.99253681488335 110.96209257375449 1326.1543043055572 10.871386051177977 95.945476738736033 253.61775972926989 210.48723455634899 414.42113743023947
leaf_count=34 556 2244 3825 352 254 1000 15221 2915 912 6700 36 610 2593 2137 3310
internal_value=-0.00162153 0.00134223 0.005391 0.00966133 -0.00659927 -0.000302476 -0.00110227 -0.00430027 -0.00900977 -0.00221139 -0.000316634 -0.0094389 -0.0117339 -0.00812855 -0.0155621
internal_weight=7751.83 4854.95 1832.56 1050.24 2896.88 782.319 3022.39 2006.14 610.955 1395.18 2766.27 256.123 890.739 464.105 426.634
internal_count=42699 23844 7421 4177 18855 3244 16423 10781 3827 6954 15257 1166 8074 4730 3344
is_linear=0
shrinkage=0.0844352


Tree=14
num_leaves=16
num_cat=0
split_feature=22 1 33 26 18 11 26 12 35 28 33 18 11 22 30
split_gain=14.5696 5.73191 3.71724 6.02093 3.88053 3.62866 3.3648 3.132 2.64807 4.42551 2.38301 1.65563 2.13367 1.54612 1.19578
threshold=0.044713877541768254 0.13503205128205134 0.018965121738843575 0.43561692554675741 -0.067398092185122868 0.19927004224653269 0.19533299115921202 0.093715446363681995 5.5152214912496254 -0.0086999999999999977 0.012015466947537525 -0.028419965497771645 0.1699280792780308 0.038502455225941166 18.990000000000006
decision_type=10 2 10 10 8 10 10 10 2 10 8 8 10 8 10
left_child=5 6 4 -4 -3 11 14 -8 10 -10 -7 12 -1 -13 -2
right_child=1 2 3 -5 -6 8 7 -9 9 -11 -12 13 -14 -15 -16
leaf_value=0.0014531138509699811 -0.001728652324405041 0.0058815319657623214 -0.00020317978007459018 0.0041453271082335938 -0.000499506063030438 -0.0015680595521675462 0.00017564876991647282 -0.0011591017087347309 -0.00092794161131216284 0.00080768391853980846 -0.00058333793281771019 -0.0018715723529595895 -0.00050618508584612842 -0.00055923142209431749 0.00040800976413377316
leaf_weight=31.50180621817708 207.97941915132105 54.774771777912974 330.79860360361636 719.07110620383173 526.03027658024803 406.50811249483377 2475.0193936275318 480.73987172078341 86.880881094373763 188.66261487454176 1324.0850898115896 671.71952000632882 58.746364504098892 128.77149962517433 60.537526768632233
leaf_count=290 1386 270 1326 2737 2077 2573 13454 2347 415 726 7067 4667 372 2745 247
internal_value=-0.00161548 0.00120643 0.00528786 0.00828535 -7.64206e-05 -0.00635552 -0.000848072 -1.39215e-05 -0.00433463 0.0032727 -0.00556566 -0.0108641 0 -0.0120855 -0.00988748
internal_weight=7751.83 4854.95 1630.67 1049.87 580.805 2896.88 3224.28 2955.76 2006.14 275.543 1730.59 890.739 90.2482 800.491 268.517
internal_count=42699 23844 6410 4063 2347 18855 17434 15801 10781 1141 9640 8074 662 7412 1633
is_linear=0
shrinkage=0.0844352


Tree=15
num_leaves=15
num_cat=0
split_feature=22 32 9 12 7 34 5 26 9 24 26 33 8 31
split_gain=13.0007 6.74523 5.28662 5.08423 5.19954 4.52256 5.17206 4.18811 3.68641 3.15126 1.53127 2.43791 0.958536 0.35283
threshold=0.073200051392032492 0.96240105540897114 0.18686572605588622 0.090996092468815307 0.35541555989339429 0.03115698259401856 0.6317494957279296 0.4046289827504928 0.46463304717064219 10.500000000000002 0.35194011358040211 0.081403193425757206 0.18468029257550286 11.130000000000001
decision_type=10 10 8 10 10 8 8 10 10 2 10 8 10 8
left_child=2 5 10 4 -4 7 -7 -2 -5 13 12 -12 -1 -3
right_child=1 9 3 8 -6 6 -8 -9 -10 -11 11 -13 -14 -15
leaf_value=-0.0016967448535088502 -0.00035633136097235947 0.0020993277565056682 -0.00038858194773180844 -0.0014099857004128812 0.00090045031465923596 -0.00081672178809037732 0.012884060399921318 0.0020531049328967109 0.001714111492262307 0.0071417895786324778 -0.001573508832170253 0.00029323583484795892 -0.0010555825431716841 -0.0016827101668689269
leaf_weight=355.97270678728819 478.67712993267924 11.063669115304945 3259.5576110503171 746.88896542740986 424.89903376158327 392.20998041937128 25.042099392972887 1350.8529680962674 119.45272735506296 21.045401573181152 231.22118515241891 143.72676742915064 181.25414232164621 9.9624702483415621
leaf_count=2499 2455 84 18292 3689 1452 1774 72 6490 650 24 2040 2286 812 80
internal_value=-0.00165058 0.00368347 -0.00389162 -0.00270488 -0.00132513 0.00303516 -0.00485293 0.0048532 -0.00852985 0.0370188 -0.00977051 -0.00546017 -0.0127082 0.0113933
internal_weight=7751.83 2288.85 5462.97 4550.8 3684.46 2246.78 417.252 1829.53 866.342 42.0715 912.175 374.948 537.227 21.0261
internal_count=42699 10979 31720 24083 19744 10791 1846 8945 4339 188 7637 4326 3311 164
is_linear=0
shrinkage=0.0844352


Tree=16
num_leaves=16
num_cat=0
split_feature=1 20 16 17 17 35 16 7 16 5 21 35 5 30 24
split_gain=11.351 5.46582 4.56387 3.84555 3.83398 3.50165 3.35846 3.11903 2.5039 2.3502 2.12711 2.74901 0.673242 0.264596 0.210767
threshold=0.081195238095238112 0.096571701547471536 1.170844702384501 0.60178147969007834 1.5341099242122807 3.6329701810432602 1.4755882904855664 0.16348897183520866 1.2902639584535691 0.195747852807578 0.015005397817935041 5.9527756870906208 0.42239674059394289 20.320000000000004 7.5000000000000009
decision_type=2 10 10 8 8 2 10 8 10 8 8 2 10 10 2
left_child=4 3 9 13 10 -4 -5 14 -9 -3 12 -12 -1 -2 -6
right_child=1 2 5 6 7 -7 -8 8 -10 -11 11 -13 -14 -15 -16
leaf_value=-0.0013247439082541411 -0.0026240768161274151 -0.00052367743452598795 0.01290775199226807 1.7516931304556107e-05 -0.0005113216859346548 0.0021310779459938036 -0.0018976632155168823 0.00035029629400702147 -0.0025309092364441668 0.0020579260371306821 -0.0011842578903177136 0.00072145589921684093 -0.0020407014556006846 -0.00027725903340010801 -0.002072097331158092
leaf_weight=377.73980581341311 76.847890233621001 364.04640491725877 76.217034961096942 3909.6280883613508 13.046673186589031 111.75936365872622 157.94290297850966 523.07303522666916 40.309769740793854 534.49915568996221 1267.0351969418116 105.40464811678976 114.4798014909029 14.592153772711752 65.204932972788811
leaf_count=2352 280 1446 490 19116 557 524 1702 3404 290 2616 8508 659 415 108 232
internal_value=-0.0016147 0.00061303 0.00594737 -0.000773226 -0.00628947 0.0179327 -0.00037872 -0.000603126 0.00154291 0.0033933 -0.00822763 -0.00646689 -0.0130566 -0.01785 -0.016371
internal_weight=7751.83 5245.53 1086.52 4159.01 2506.29 187.976 4067.57 641.634 563.383 898.546 1864.66 1372.44 492.22 91.44 78.2516
internal_count=42699 26282 5076 21206 16417 1014 20818 4483 3694 4062 11934 9167 2767 388 789
is_linear=0
shrinkage=0.0844352


Tree=17
num_leaves=15
num_cat=0
split_feature=22 30 8 12 26 26 30 19 9 33 21 24 15 28
split_gain=10.6573 5.9057 4.37397 4.452 4.44137 4.1997 4.61435 3.22263 2.88371 2.46416 2.24675 1.95508 1.15677 0.53259
threshold=0.073746190913621598 26.445000000000004 0.18810054934289491 0.090996092468815307 0.4431075016576031 0.23455277697038476 23.335000000000004 0.13301118805536435 0.46463304717064219 0.081403193425757206 0.026135836236952269 10.500000000000002 1.6975786788898877 -0.010800000000000002
decision_type=10 10 8 10 10 10 8 10 10 8 10 2 10 8
left_child=2 5 9 4 -4 7 -7 -2 -5 12 -11 13 -1 -3
right_child=1 11 3 8 -6 6 -8 -9 -10 10 -12 -13 -14 -15
leaf_value=-0.0016471562915433961 -0.0029470790866884017 0.0021848395346650115 -0.00059699190736436317 -0.0011886048201530325 0.00024552138572197434 0.0013125034783227757 -0.00067157278243664255 0.0023948094156358477 0.0015679011564372005 -0.0014008134968449665 0.00043238252593852953 0.00638623519827015 -0.0011970761555060003 -0.0017374337042386156
leaf_weight=281.88522713072598 169.41468315571547 10.067593693733214 2241.9443103389349 747.58544042240828 1471.4158357330598 1733.8411137233488 277.32603029627353 48.239263403695077 119.45272735506296 236.9400401073508 110.72251356299967 21.045401573181152 272.06504334602505 9.8816342204809207
leaf_count=1774 958 76 10581 3821 8906 8452 1000 233 650 3204 1252 24 1688 80
internal_value=-0.00155253 0.00330475 -0.00356985 -0.002501 -0.00121793 0.00269979 0.00391724 -0.00837877 -0.00795355 -0.00895807 -0.00324902 0.0349041 -0.0124743 0.0130983
internal_weight=7751.83 2269.82 5482.01 4580.4 3713.36 2228.82 2011.17 217.654 867.038 901.613 347.663 40.9946 553.95 19.9492
internal_count=42699 10823 31876 23958 19487 10643 9452 1191 4471 7918 4456 180 3462 156
is_linear=0
shrinkage=0.0844352


Tree=18
num_leaves=16
num_cat=0
split_feature=26 27 27 24 23 8 17 27 19 26 23 23 19 28 20
split_gain=8.97713 4.90414 5.14303 5.58893 5.21652 4.09843 3.50991 3.67986 3.2546 3.91976 2.57769 2.49711 0.505307 0.785357 0.0594981
threshold=0.4046289827504928 0.61984511209673743 0.13836161731911509 9.5000000000000018 0.12000000000000006 0.15465134573349018 1.6733055186685795 0.18888372670317935 0.097777072591439237 0.63532182174092644 0.021808305437974993 0.018001920993420465 0.015215456412495153 0.0090000000000000236 0.012491695149270234
decision_type=10 8 10 2 8 8 10 8 8 10 8 10 10 10 10
left_child=5 2 3 -2 -4 12 10 -8 11 -10 -7 -3 13 -1 -14
right_child=1 8 4 -5 -6 6 7 -9 9 -11 -12 -13 14 -15 -16
leaf_value=-0.0013416053236679339 0.0020153298159702672 0.00093197238343111508 0.00045112728903522393 -0.00077577755540575942 0.0049269867905752645 -0.0013596042479900048 0.0012387590515382414 -0.00050831885710552946 -0.00079618168414163145 0.0020412139101823944 -0.00054456512999932988 -0.0010932932225395967 -0.00032967645736385555 0.00093273452824759362 -0.0021618229820574218
leaf_weight=28.020172076765448 173.64734656107612 44.345858137123287 2348.5897815842181 672.59315630793571 236.18416268564761 591.05724074877799 218.90750868991017 199.72510634269565 67.232844591373578 70.513535276986659 2246.2735315964092 679.82838901970536 12.378786919638513 7.3856001547537735 155.14383736997843
leaf_count=344 3748 400 13496 1343 1374 2982 880 937 312 242 11271 3797 58 128 1387
internal_value=-0.00158895 0.000983843 0.00242063 -0.00326892 0.00429646 -0.0047913 -0.00405041 0.00311448 -0.00469496 0.00706158 -0.00511962 -0.00698067 -0.016471 -0.00573675 -0.0185154
internal_weight=7751.83 4292.94 3431.01 846.241 2584.77 3458.89 3255.96 418.633 861.921 137.746 2837.33 724.174 202.928 35.4058 167.523
internal_count=42699 24712 19961 5091 14870 17987 16070 1817 4751 554 14253 4197 1917 472 1445
is_linear=0
shrinkage=0.0844352


Tree=19
num_leaves=16
num_cat=0
split_feature=21 9 11 12 10 23 30 9 5 27 27 22 27 23 30
split_gain=7.81109 5.8707 4.37918 3.63126 4.02677 3.78692 2.98353 2.61083 2.5023 2.13271 2.75584 1.94988 1.24588 1.02026 0.671761
threshold=0.015947233078451608 0.39125341581959339 0.31236097904265137 0.090996092468815307 0.49961852463174145 0.12000000000000006 21.475000000000005 0.41218168645817038 0.41655506624095706 0.40695390473328924 0.35497629864605945 0.048124248063472742 0.49013639083426525 0.015456399862589123 16.345000000000002
decision_type=10 10 10 10 10 10 10 10 10 10 10 10 10 8 10
left_child=8 3 7 4 -2 -5 -4 -3 9 10 -1 14 -13 -11 -10
right_child=1 2 6 5 -6 -7 -8 -9 11 13 -12 12 -14 -15 -16
leaf_value=-0.0007182945022968099 -0.00015537521726657915 0.0080520841346272912 0.0015620795833003332 -0.0012530180734588998 0.0046423010225360595 0.0063459864743407096 -0.00026591909501329968 0.00028698055169608589 -0.0015382322617441741 0.00011967059629612742 0.00085876977284165721 -1.4740077689389716e-08 0.0022984609473465745 -0.0014596063590269646 -0.0017606330447174385
leaf_weight=618.39963575638831 4468.4173267111182 30.092960637062788 911.34329633135349 589.37251872103661 133.11007234081626 28.104678489267826 344.89434691518545 22.761638910509646 42.145176375284791 34.46932911220938 57.763622541679069 16.093496186658744 7.2387638855725518 234.24539710395038 213.37459804490209
leaf_count=6509 22870 96 3333 2746 587 110 1750 116 582 476 532 150 46 2024 772
internal_value=-0.00125554 -8.97201e-05 0.0049593 -0.00136292 -0.000538896 -0.00744389 0.00391988 0.0287348 -0.00744471 -0.00530925 -0.00271186 -0.0145363 0.00772623 -0.0117024 -0.0167111
internal_weight=7751.83 6528.1 1309.09 5219 4601.53 617.477 1256.24 52.8546 1223.73 944.878 676.163 278.852 23.3323 268.715 255.52
internal_count=42699 31608 5295 26313 23457 2856 5083 212 11091 9541 7041 1550 196 2500 1354
is_linear=0
shrinkage=0.0844352


Tree=20
num_leaves=13
num_cat=0
split_feature=9 20 33 17 18 20 23 30 17 33 30 21
split_gain=6.5017 4.75336 4.19241 4.86448 3.35815 2.76928 4.01104 2.71311 2.6719 1.77221 1.36861 1.29238
threshold=0.17584969379410331 0.096571701547471536 0.0083530813047436609 0.60178147969007834 0.063726422764227811 0.16096780984143194 0.14298616013397791 30.590000000000003 2.0589897867313387 0.081403193425757206 20.580000000000002 0.017992616764249469
decision_type=8 10 8 8 10 10 10 10 10 8 10 10
left_child=4 2 7 -4 9 6 -3 -2 -7 10 -1 -11
right_child=1 5 3 -5 -6 8 -8 -9 -10 11 -12 -13
leaf_value=-0.0015043780993492285 -0.0011408871794922851 0.0015713823891534845 -0.0025902283695009572 -2.322176039350947e-05 9.9843294660458413e-05 -0.0018331746689600925 0.0058101620440372814 0.00037002288522563348 0.012327174744989164 -0.0013971090800951795 0.0006912941030479267 0.0001656630888416723
leaf_weight=388.98912778869271 910.60265466757119 818.70194868789986 96.81953610945493 4894.1105248404201 6.202295593917369 193.50357582140714 88.270866805687547 59.070652157068253 24.33573264721781 115.85760784009472 26.393795631825924 128.96853947173804
leaf_count=2157 5796 3759 349 24445 64 805 354 352 110 3160 156 1192
internal_value=-0.00132454 -0.000569287 -0.00152353 -0.000528976 -0.00929749 0.00445622 0.00652271 -0.00660505 -0.00399068 -0.00993843 -0.0133302 -0.00403113
internal_weight=7751.83 7085.42 5960.6 4990.93 666.411 1124.81 906.973 969.673 217.839 660.209 415.383 244.826
internal_count=42699 35970 30942 24794 6729 5028 4113 6148 915 6665 2313 4352
is_linear=0
shrinkage=0.0844352


Tree=21
num_leaves=14
num_cat=0
split_feature=1 17 4 0 17 8 12 21 21 5 19 15 30
split_gain=6.40897 4.37009 3.69517 4.04613 3.44211 2.41698 3.27162 1.84364 1.69154 1.9173 1.48553 0.872466 0.355538
threshold=0.085508620689655188 0.60178147969007834 0.17259259500387067 0.79852500000000015 1.3014260874894528 0.18468029257550286 0.047267489358665322 0.056382833033310674 0.015005397817935041 0.16085293530781056 0.038481297557830717 1.2224664631513857 20.320000000000004
decision_type=2 8 8 2 10 10 10 10 10 10 8 10 10
left_child=4 12 3 -3 8 6 -6 -7 11 -10 -4 -1 -2
right_child=1 2 10 -5 5 7 -8 -9 9 -11 -12 -13 -14
leaf_value=-0.0016679895302677149 -0.0024861775407848444 6.2051789439055745e-05 -0.0015707474659919388 0.0014189053986490901 -0.0013798229623154677 0.00019516616682267664 7.7035196481343914e-05 -0.00060097938460133686 -0.0010119388418402993 -0.00053300113540728355 -0.00057491588492249407 -0.00080641661492369802 -0.0010311657757482134
leaf_weight=148.74518857663497 76.289390362333506 3527.4711207121145 215.78306821454316 776.95298593887128 278.25599259743467 761.07598910946399 11.56767745874822 98.842367330100387 518.68322852114215 724.21394472662359 301.72599385189824 296.25101557048038 15.968895092606543
leaf_count=1809 310 17690 1153 3328 2740 3719 124 456 2849 4341 1659 2405 116
internal_value=-0.00114869 0.000690427 0.00104613 0.00186257 -0.0043448 -0.000748617 -0.00742791 0.00146761 -0.00677373 -0.00512122 -0.00567528 -0.0113024 -0.017435
internal_weight=7751.83 4914.19 4821.93 4304.42 2837.64 1149.74 289.824 859.918 1687.89 1242.9 517.509 444.996 92.2583
internal_count=42699 24256 23830 21018 18443 7039 2864 4175 11404 7190 2812 4214 426
is_linear=0
shrinkage=0.0844352


Tree=22
num_leaves=13
num_cat=0
split_feature=9 17 23 23 18 18 10 10 28 31 35 34
split_gain=5.32129 4.78373 3.52548 3.43448 3.25199 2.94101 2.90221 2.46939 1.95989 1.54441 1.53437 0.800337
threshold=0.17584969379410331 0.88407443509622485 0.079276303804672973 0.0077067187392526057 0.063726422764227811 -0.041120624630501861 0.32639085291027864 0.42142895524532803 -0.0024000000000000059 1.9050000000000005 4.1172468360358394 -0.048780254862099796
decision_type=8 10 10 8 8 10 8 8 10 10 2 10
left_child=4 6 3 -3 8 -4 10 -8 11 -10 -2 -1
right_child=1 2 5 -5 -6 -7 7 -9 9 -11 -12 -13
leaf_value=-0.00071860326341899284 -0.00086942603428694489 0.0022834879448254959 0.0031027841966225207 -9.8725622986822151e-05 7.4934121394414158e-05 0.00051938930009122291 0.0012628934184926248 -0.00048809572926208276 -0.00025188030460128973 -0.001341863977569323 -0.0010659004392715482 -0.0014428280899526991
leaf_weight=35.787262028548867 331.68205999583006 31.79944859072566 274.06477630650625 4532.2429722901434 6.202295593917369 886.05936669977382 191.3357061301358 548.69527406501584 233.71299038035795 191.34705149754882 289.53588765859604 199.36176682589576
leaf_count=1546 1730 458 1130 21764 64 4374 1060 3967 3128 1018 1487 973
internal_value=-0.00119319 -0.000509458 0.000555359 -0.000494701 -0.00840644 0.00471307 -0.00500971 -0.00138289 -0.00903901 -0.00548269 -0.00927171 -0.0152979
internal_weight=7751.83 7085.42 5724.17 4564.04 666.411 1160.12 1361.25 740.031 660.209 425.06 621.218 235.149
internal_count=42699 35970 27726 22222 6729 5504 8244 5027 6665 4146 3217 2519
is_linear=0
shrinkage=0.0844352


Tree=23
num_leaves=15
num_cat=0
split_feature=21 7 20 20 30 5 28 31 35 12 30 10 24 30
split_gain=4.90417 3.46555 2.91233 4.78377 2.73037 2.61676 2.02461 2.52753 1.89542 1.11723 0.472205 0.76787 0.293795 0.186638
threshold=0.015947233078451608 0.14018703393746754 0.12196766177492342 0.16096780984143194 18.675000000000004 0.61685459004321064 -0.013499999999999996 2.720000000000002 3.1197181557872447 0.049143908074644617 16.345000000000002 0.22366784903818068 7.5000000000000009 20.375000000000004
decision_type=10 8 10 10 8 10 10 10 2 10 10 10 2 10
left_child=5 9 4 -4 -3 6 8 -8 -1 12 11 -7 -2 -12
right_child=1 2 3 -5 -6 10 7 -9 -10 -11 13 -13 -14 -15
leaf_value=0.0010111004292610126 -0.00092898481222253694 7.3817161443241034e-05 0.0040148648418437127 -0.0009876950162951367 -0.00039669352390613272 -0.0018275396399486546 9.3993283592661771e-05 -0.00086368742731669876 -0.0014540129752665691 1.9337414211612656e-05 -0.0017588209920227197 0.0026542281009041802 -0.0021172312317876809 -0.00054428716124248027
leaf_weight=40.091641302919015 20.494679897092283 3788.5688198506832 358.33606992103159 215.21370331011713 2044.6987813459709 15.03225216874853 500.45855224807747 256.40490734856576 269.15030012023635 17.555475112982094 112.49117578100413 10.568092501722274 83.229309618473053 19.53309753537178
leaf_count=530 658 18878 1598 817 9297 160 6540 1004 2355 106 312 102 254 88
internal_value=-0.00113998 -0.00021502 4.81228e-05 0.00579075 -0.000511366 -0.00604482 -0.00449519 -0.00208482 -0.0102729 -0.0143215 -0.016262 -0.00390225 -0.0177061 -0.0183818
internal_weight=7751.83 6528.1 6406.82 573.55 5833.27 1223.73 1066.11 756.863 309.242 121.279 157.625 25.6003 103.724 132.024
internal_count=42699 31608 30590 2415 28175 11091 10429 7544 2885 1018 662 262 912 400
is_linear=0
shrinkage=0.0844352


Tree=24
num_leaves=16
num_cat=0
split_feature=26 17 27 8 33 8 8 8 11 31 20 38 12 24 24
split_gain=5.6936 3.66803 4.89632 3.92178 5.75424 4.12268 3.5959 2.79273 3.00834 4.44656 1.98927 1.67826 1.41477 0.962183 0.745349
threshold=0.24141355218306793 1.6275176503711528 0.75371018957118963 0.23738767692384535 0.064611458215552489 0.25037725618941614 0.51866608504125467 0.18142829848418351 0.36725970018656739 1.2150000000000027 0.13386756896354313 4.5000000000000009 0.051583163102825257 8.5000000000000018 11.500000000000002
decision_type=10 8 10 10 10 10 10 10 10 8 8 2 10 2 2
left_child=7 3 6 4 -2 -5 -3 10 9 -9 12 -10 -1 -4 -12
right_child=1 2 13 5 -6 -7 -8 8 11 -11 14 -13 -14 -15 -16
leaf_value=-0.0016393456939891693 -0.0011024519458852553 0.00041943920872834648 0.00034378329488196619 0.0012535392137458818 0.00011632419926826426 -2.9962100490303957e-05 0.0048436497072805937 -0.0010069546178509026 -0.0024852735068291603 0.00047871522372034569 -0.0016025381070003761 -0.00059519234351994689 3.2497081700972672e-05 -0.0024865070351507259 0.011422665577156082
leaf_weight=310.70105536608025 882.59157947637141 1294.5614358212333 20.991775828646496 239.97631320962682 538.5544986911118 3284.1883259247988 56.622861260548234 387.19173169974238 116.91351337824017 431.5708704860881 2.8291013648267826 90.444123645778745 9.8206574977375549 80.620565205812454 4.2484492063522339
leaf_count=2046 5832 7722 280 1306 5226 13950 186 2384 372 1766 636 651 106 230 6
internal_value=-0.00101037 3.72538e-05 0.00377137 -0.00105335 -0.00479874 0.000448161 0.00513516 -0.00598409 -0.00376732 -0.00141746 -0.0128079 -0.012857 -0.0138728 -0.0139663 0.0285008
internal_weight=7751.83 6398.11 1452.8 4945.31 1421.15 3524.16 1351.18 1353.72 1026.12 818.763 327.599 207.358 320.522 101.612 7.07755
internal_count=42699 34732 8418 26314 11058 15256 7908 7967 5173 4150 2794 1023 2152 510 642
is_linear=0
shrinkage=0.0844352


Tree=25
num_leaves=13
num_cat=0
split_feature=26 27 27 8 30 19 30 23 27 35 31 0
split_gain=5.30746 3.27809 3.42401 3.63221 2.54332 3.27255 3.01326 2.31 1.92449 2.8455 1.75186 0.91134
threshold=0.24141355218306793 -0.019565983581288818 0.57346733252400395 0.23738767692384535 18.635000000000002 0.12077195837293336 20.210000000000004 0.018001920993420465 0.19927782774757866 5.7637480479393561 1.9350000000000007 0.63887500000000008
decision_type=10 10 10 8 10 10 10 10 8 2 8 2
left_child=4 11 3 -3 8 6 -6 -4 10 -10 -1 -2
right_child=1 2 7 -5 5 -7 -8 -9 9 -11 -12 -13
leaf_value=-0.0010932873641975077 -0.002346270178518987 -0.00024446092871457031 0.00043181168367740624 0.00050698056272980088 0.00042706498440491073 0.0064641776734011853 -0.0010940261511501448 -0.00057152641380554142 -0.00062632686173337505 0.00079939093460668553 -0.0022565379781201919 -0.0012287316470142051
leaf_weight=386.41785666812211 71.737053169403225 1702.2769233421423 87.71867899922654 3345.8356026548427 173.0560246296227 17.407022316940129 151.4817396402359 1161.311970859766 455.7615441121161 18.759275417076424 150.83603986073285 29.227126392768696
leaf_count=2096 210 12670 788 15048 742 76 688 5967 2944 93 1328 49
internal_value=-0.00101565 0 0.000243448 0.00122779 -0.00581759 0.00038591 -0.00145676 -0.00370715 -0.00794585 -0.00391364 -0.0114377 -0.0150491
internal_weight=7751.83 6398.11 6297.14 5048.11 1353.72 341.945 324.538 1249.03 1011.77 474.521 537.254 100.964
internal_count=42699 34732 34473 27718 7967 1506 1430 6755 6461 3037 3424 259
is_linear=0
shrinkage=0.0844352


Tree=26
num_leaves=16
num_cat=0
split_feature=26 4 1 30 9 7 9 9 26 35 33 30 1 1 27
split_gain=4.93508 3.50873 4.34072 3.98257 2.9556 2.87755 3.05512 7.1747 1.99613 2.34326 1.71485 1.51356 0.581717 0.917864 0.323981
threshold=0.24141355218306793 0.043794935252320442 0.18113247863247867 18.775000000000002 0.68988638087055276 0.19313420893215397 0.2125727029263059 0.20026130746011608 0.4632457074661081 2.034704793465465 0.07176694922463335 18.610000000000003 0.063342803030303055 0.065012562814070377 -0.0087993551877859118
decision_type=10 8 2 10 8 8 8 10 10 2 10 10 2 2 10
left_child=5 2 3 -2 -4 12 7 -7 9 -3 -10 -8 14 -14 -1
right_child=1 8 4 -5 -6 6 11 -9 10 -11 -12 -13 13 -15 -16
leaf_value=0.0001553948981774436 0.00013745283736213068 0.0063093045605379103 0.0027233759525494582 -0.00046738684407646489 -0.00281296400637559 -0.0003393234650527173 -0.001178422166353552 0.00073189422722206253 -0.0018753358337365422 -0.0006435039805658319 -8.9020754573017241e-05 7.2278391067817697e-05 0.0012953170200861793 -0.00092600188383439302 -0.0015671210012481085
leaf_weight=8.0477518816478533 3540.5443429339211 17.77957549598068 391.54888806026429 1802.9587806095369 52.551750574493781 122.82759878132492 601.22702230350114 60.151459951885045 176.33254021732137 349.91630559647456 66.475171930156648 239.53322851751 9.3623219924047572 158.90485296351835 153.66526625305414
leaf_count=53 20466 116 1383 8959 202 794 3713 230 1120 1986 500 978 57 1076 1066
internal_value=-0.000951452 2.35323e-05 0.000671085 0 0.00868645 -0.00558199 -0.00332398 0.00646646 -0.00605601 -0.00201758 -0.0120164 -0.00549701 -0.0124692 -0.0085162 -0.0163335
internal_weight=7751.83 6398.11 5787.6 5343.5 444.101 1353.72 1023.74 182.979 610.504 367.696 242.808 840.76 329.98 168.267 161.713
internal_count=42699 34732 31010 29425 1585 7967 5715 1024 3722 2102 1620 4691 2252 1133 1119
is_linear=0
shrinkage=0.0844352


Tree=27
num_leaves=13
num_cat=0
split_feature=7 17 27 21 18 17 12 32 12 31 27 25
split_gain=3.98085 3.35971 3.92932 3.55831 3.15562 2.54123 2.31438 1.86469 0.887395 0.691737 0.709119 0.417261
threshold=0.13810565743993 1.6538911956138851 0.61984511209673743 0.015563548169750295 0.10100820306723381 0.60178147969007834 0.036040500849720714 0.97163588390501332 0.049143908074644617 -3.6350000000000002 0.07589251166202747 0.1953038739143359
decision_type=8 10 10 10 10 8 10 10 10 10 10 10
left_child=8 3 4 6 -3 -5 -2 -4 9 10 -1 -11
right_child=1 2 7 5 -6 -7 -8 -9 -10 11 -12 -13
leaf_value=0.0012202666388535159 -0.00097338570790196578 0.00031741808538082007 -0.0020096233463488679 -0.0016907459358450354 0.006203942981203716 -3.9147210249958133e-05 -0.00032312066068139272 0.0042529835573691136 1.6918049274071436e-05 -0.00038946482192555584 -0.00067661610254228467 -0.0015182501836402836
leaf_weight=3.3555121552199116 416.17209300841205 1185.5456823012792 109.30750529188663 104.91827489901334 43.045601334422827 5164.6655178340152 534.18231847696006 12.632780104875563 18.123203231953084 16.161323421634734 4.5012751338072121 139.21577086951584
leaf_count=171 4706 5998 546 467 257 24791 4081 78 108 116 180 1200
internal_value=-0.00088281 -0.000581581 0.00322738 -0.00141416 0.00468238 -0.000549337 -0.00617144 -0.0111153 -0.0132335 -0.0152358 0.00597078 -0.0165383
internal_weight=7751.83 7570.47 1350.53 6219.94 1228.59 5269.58 950.354 121.94 181.357 163.234 7.85679 155.377
internal_count=42699 40924 6879 34045 6255 25258 8787 624 1775 1667 351 1316
is_linear=0
shrinkage=0.0844352


Tree=28
num_leaves=16
num_cat=0
split_feature=7 17 27 9 1 7 35 35 27 22 30 5 30 30 1
split_gain=3.93028 2.92306 2.87854 2.67264 1.04565 0.974262 0.775894 1.77023 0.933473 0.646363 0.603955 0.188665 0.0830362 0.250444 0.062641
threshold=0.13810565743993 0.60178147969007834 -0.019565983581288818 0.2953647476914511 0.075931712962962986 0.35541555989339429 5.390668610985192 5.6990879684119671 0.066611367936371998 0.029060748208136315 20.320000000000004 0.17261238629314105 19.090000000000003 20.360000000000003 0.072363328866255711
decision_type=8 8 10 10 2 8 2 2 8 10 10 8 10 10 2
left_child=6 4 5 -4 9 -3 12 8 -8 -2 -6 -9 14 -14 -1
right_child=1 2 3 -5 10 -7 7 11 -10 -11 -12 -13 13 -15 -16
leaf_value=-0.0014589916858349847 0.0010944727668736349 -0.0020775803313587116 -0.00018124532589727709 0.00023407476542363048 -0.0019307759094419606 -0.00014119602601038477 0.0011945281079838931 -0.0010679490934270097 9.1703997152092125e-05 -0.00021333560997608241 -0.00036417881428655035 -0.0012843365306899994 4.2284933956158359e-05 -0.0016417164061664578 -0.001329766186281621
leaf_weight=88.862828222569078 8.6039531324058789 84.061309095472097 4302.5010612825863 3026.9216315429658 84.534149527549744 34.182620516745374 5.4317598943598551 23.039674321189526 9.3321909909136576 11.581131533719597 18.083916619420052 6.3726790198124936 12.37866949895397 12.895030896179376 23.044251968152821
leaf_count=836 52 309 26900 13030 333 80 58 162 124 88 132 106 202 106 181
internal_value=-0.00082327 -0.000523955 -0.000305845 -8.99471e-05 -0.0134201 -0.0133444 -0.0130945 -0.00241166 0.0200516 0.0027243 -0.0169136 -0.0149594 -0.0162701 -0.00842147 -0.0176962
internal_weight=7751.83 7570.47 7447.67 7329.42 122.803 118.244 181.357 44.1763 14.764 20.1851 102.618 29.4124 137.181 25.2737 111.907
internal_count=42699 40924 40319 39930 605 389 1775 450 182 140 465 268 1325 308 1017
is_linear=0
shrinkage=0.0844352


Tree=29
num_leaves=15
num_cat=0
split_feature=7 17 9 39 19 7 38 35 9 26 21 18 26 18
split_gain=3.69936 2.62159 4.29478 3.19764 2.78948 2.91918 2.16764 1.9474 0.718663 1.36386 1.32092 0.381515 0.205936 0.0578077
threshold=0.13810565743993 1.3207844929465338 0.57815013251354863 1.5000000000000002 0.04277100533816635 0.16080206180969378 1.5000000000000002 6.0070420678728764 0.15047061992986294 0.23095599586082891 0.010091474159631245 0.022891219989679027 0.51355301437777634 0.026897795725145172
decision_type=8 10 10 2 8 8 2 2 10 8 10 10 10 10
left_child=8 4 6 -4 5 -2 -3 -6 11 -10 -11 12 -1 -13
right_child=1 2 3 -5 7 -7 -8 -9 9 10 -12 13 -14 -15
leaf_value=-0.0013033822132861236 0.00028479134716425855 -0.00075093906913202167 0.0075745477914183068 0.0046430151338325704 -5.2641305978846209e-05 -0.00063847343233803741 0.00016477132364237939 0.0012192554848120592 -0.0026927920281666824 0.001093667927217687 -0.00020284934411062013 4.219502910971976e-06 -0.000592903571922975 -0.0024846834270140085
leaf_weight=92.109295568894595 114.21607412118465 373.52943922579288 23.801824839785695 41.807613655924797 2578.9618604183197 1711.0610919562168 2584.5367453326471 142.55512370099314 28.971010950393975 7.2236389983445397 36.063132944516838 3.397061991505324 10.373324749525635 3.2196196089498699
leaf_count=786 1086 1304 112 158 14608 9048 13882 726 144 42 433 24 246 100
internal_value=-0.000704845 -0.00041436 0.00150645 0.0228016 -0.00169902 -0.00425221 0.00101858 1.74998e-06 -0.012609 -0.00532826 0.00353835 -0.017076 -0.0183494 0
internal_weight=7751.83 7570.47 3023.68 65.6094 4546.79 1825.28 2958.07 2721.52 181.357 72.2578 43.2868 109.099 102.483 6.61668
internal_count=42699 40924 15456 270 25468 10134 15186 15334 1775 619 475 1156 1032 124
is_linear=0
shrinkage=0.0844352


Tree=30
num_leaves=13
num_cat=0
split_feature=26 27 4 26 8 8 12 26 27 31 7 35
split_gain=3.59423 3.09984 3.00194 2.68893 1.98107 2.78251 1.92322 1.90335 1.55946 1.49297 1.2292 0.658445
threshold=0.24141355218306793 -0.019565983581288818 0.043794935252320442 0.27372855924779477 0.18142829848418351 0.18572665776051422 0.065021205903195448 0.4632457074661081 0.46248372312952396 1.0600000000000007 0.35541555989339429 2.8213787092549869
decision_type=8 8 8 8 10 10 10 10 10 8 8 2
left_child=4 10 3 -3 6 9 11 -4 -7 -6 -2 -1
right_child=1 2 7 -5 5 8 -8 -9 -10 -11 -12 -13
leaf_value=0.00074489083960481309 -0.0022639257999247197 0.0010167061583108814 -0.0003189021567632515 4.6778054102864934e-05 0.0004758579668583526 -0.00033488026068452401 0.00020056849438705314 -0.001506769211800277 -0.0015446561788154455 0.001337347786425031 -0.00012482933843476144 -0.0012006724545111998
leaf_weight=5.1676686967257401 74.078366779256612 314.29297402338125 595.33011749526486 5572.5020930087194 9.3912946172058565 618.38993988418952 7.2357345032505682 242.79712328175083 75.471970963291824 8.8030583541840333 33.084965878399089 195.28155057737604
leaf_count=136 209 1340 3084 30594 72 3094 34 1616 492 48 56 1924
internal_value=-0.000645063 1.7382e-05 0.000249833 0.000927733 -0.00559872 -0.00341339 -0.0129021 -0.00446949 -0.00431929 0.0284399 -0.0141858 -0.0145773
internal_weight=7751.83 6832.09 6724.92 5886.8 919.741 712.056 207.685 838.127 693.862 18.1944 107.163 200.449
internal_count=42699 36899 36634 31934 5800 3706 2094 4700 3586 120 265 2060
is_linear=0
shrinkage=0.0844352


Tree=31
num_leaves=11
num_cat=0
split_feature=8 27 16 30 11 7 26 20 8 11
split_gain=3.85027 2.82763 2.50001 4.63532 3.36137 0.985101 0.47857 0.728674 0.184648 0.0658203
threshold=0.13436950173506965 -0.019565983581288818 1.3088841472007771 30.590000000000003 0.4142260356230591 0.35541555989339429 0.38380400393077663 0.0076953174721971504 0.12563269775138949 0.21335504506204148
decision_type=8 8 10 10 10 8 10 8 10 10
left_child=6 5 3 -3 -4 9 -1 -8 -9 -2
right_child=1 2 4 -5 -6 -7 7 8 -10 -11
leaf_value=-0.0020333130677727281 -0.00088571193569830548 1.1874298590614448e-05 -0.0012356159411001742 0.001011509489744997 -5.7721080916680854e-06 -0.0001142893523471126 0.00099737417986985586 0.0001629982954086382 -0.0012395615187345414 -0.0020727708460182154
leaf_weight=86.563893762882799 19.620968812145293 6882.8346916302107 244.94858751818538 20.197902947664261 372.46820454439148 34.033409877447411 3.0477245231159058 6.8418793701566782 17.350556089077145 63.919038987718523
leaf_count=1010 128 36496 2720 38 1510 64 66 318 224 125
internal_value=-0.000612693 -0.000377957 -0.000169866 0.000286172 -0.00531759 -0.0133423 -0.0159963 -0.00442969 -0.01052 -0.0182623
internal_weight=7751.83 7638.02 7520.45 6903.03 617.417 117.573 113.804 27.2402 24.1924 83.54
internal_count=42699 41081 40764 36534 4230 317 1618 608 542 253
is_linear=0
shrinkage=0.0844352


Tree=32
num_leaves=10
num_cat=0
split_feature=7 19 27 26 24 7 21 34 34
split_gain=3.22047 2.90415 2.75734 2.67701 1.53507 0.98637 0.137025 0.0248478 0.00663066
threshold=0.11997073882690594 0.0067057591073921069 -0.019565983581288818 0.4046289827504928 9.5000000000000018 0.35541555989339429 0.0043276734233589206 -0.06632121843601306 -0.12262977796247924
decision_type=8 8 8 10 2 8 8 10 10
left_child=7 4 5 -4 6 -3 -2 8 -1
right_child=1 2 3 -5 -6 -7 -8 -9 -10
leaf_value=0.00055734585867661093 -0.0019791029810574366 -0.0016461347731865136 -0.00029182538283520658 0.00010899174882242483 0.0019990583419014179 -0.00010463931174920823 0.0015028762549559142 -0.002102517734629549 -0.0015110804339756043
leaf_weight=1.5103068067692218 3.7268650587648162 83.531277785543352 3349.6476484127343 4197.081058986485 11.463310599327086 34.033409877447411 4.8273130422458062 61.602553714066744 4.4031137796118847
leaf_count=182 122 251 16647 24071 26 64 870 344 122
internal_value=-0.000620303 -0.000453857 -0.000543147 -0.00033825 0.0311816 -0.0133499 0 -0.0189137 -0.00330258
internal_weight=7751.83 7684.31 7664.29 7546.73 20.0175 117.565 8.55418 67.516 5.91342
internal_count=42699 42051 41033 40718 1018 315 992 648 304
is_linear=0
shrinkage=0.0844352


Tree=33
num_leaves=15
num_cat=0
split_feature=9 27 27 16 8 35 20 27 33 12 33 28 0 2
split_gain=2.98334 3.0595 3.22388 2.83762 1.85716 1.81314 4.04752 5.71282 1.24596 1.50881 1.10271 0.953739 2.04524 0.714286
threshold=0.17319037931707651 -0.019565983581288818 0.57346733252400395 1.5303548435308199 0.27937881502537948 5.2124325546623629 0.022321602651894149 0.21602940862256276 0.052118544059624357 0.022505997378935629 0.081683909296131799 0.013949999999999992 0.55185000000000006 0.13101090730689377
decision_type=8 10 8 10 8 2 8 10 8 10 8 8 2 2
left_child=5 11 3 -3 -4 8 7 -7 13 -10 -8 -2 -13 -1
right_child=1 2 4 -5 -6 6 10 -9 9 -11 -12 12 -14 -15
leaf_value=-0.0010946459890218648 -0.0017495774913597116 9.59159047203129e-05 -0.0012466607903059981 -0.0019617014050081049 -0.00020064771407604445 0.00080735526848200935 -0.0014475795598453407 -0.0012234235675779724 -0.00089181010569538662 0.0001548712895292272 3.4835721172004521e-05 -0.0015357992306229854 0.0086694430550441036 -0.00025974145576808421
leaf_weight=160.66830568015575 79.558694031555206 5641.3699601946864 234.13284451887012 50.098325594794005 1092.6253892795648 46.234038540162146 57.205405327491462 30.849071289412677 144.4157773074694 93.962981278076768 39.999106178991497 23.138401965610683 13.725667369784786 43.842889506369829
leaf_count=883 159 28640 1600 332 5381 274 428 200 1302 2484 678 120 56 162
internal_value=-0.00058175 -8.9646e-05 0.000131428 0.00100978 -0.00361035 -0.00621159 0.000911361 0.0154708 -0.00908672 -0.00470896 -0.0103194 -0.0136337 -0.00137408 -0.0140005
internal_weight=7751.83 7134.65 7018.23 5691.47 1326.76 617.178 174.288 77.0831 442.89 238.379 97.2045 116.423 36.8641 204.511
internal_count=42699 36288 35953 28972 6981 6411 1580 474 4831 3786 1106 335 176 1045
is_linear=0
shrinkage=0.0844352


Tree=34
num_leaves=8
num_cat=0
split_feature=8 27 15 16 5 11 8
split_gain=2.89006 2.75171 2.4127 2.58148 1.77614 1.1234 0.0701564
threshold=0.11672700996536907 -0.019565983581288818 1.0117223648103078 1.2902639584535691 0.37506300153488498 0.39928655238805905 0.22110750557359712
decision_type=8 8 8 10 10 8 10
left_child=-1 5 4 -4 -3 6 -2
right_child=1 2 3 -5 -6 -7 -8
leaf_value=-0.002110073879277777 -0.0011953626363511052 -0.00064371869105731504 6.4179793107222281e-05 -0.00046880769063408184 0.0001847715733392466 2.8389070981272697e-05 -0.001406123765486653
leaf_weight=57.017686265520751 20.103430881164968 849.21269783610478 6182.3620731993578 462.13006890146062 83.520723775494844 31.677600578172132 65.802576625719666
leaf_count=810 126 4304 33201 3610 453 62 133
internal_value=-0.000637016 -0.000491523 -0.000287654 0.000272304 -0.00430973 -0.0132834 -0.0182671
internal_weight=7751.83 7694.81 7577.23 6644.49 932.733 117.584 85.906
internal_count=42699 41889 41568 36811 4757 321 259
is_linear=0
shrinkage=0.0844352


Tree=35
num_leaves=14
num_cat=0
split_feature=26 27 34 28 28 9 18 10 35 35 30 28 33
split_gain=2.49694 2.60682 2.43861 4.12403 2.95865 2.28953 2.07866 3.90612 1.57773 1.51066 1.22454 1.36345 0.52285
threshold=0.24141355218306793 -0.019565983581288818 -0.018666030396810248 0.010749999999999984 0.091799999999999951 0.17004407571711405 0.024279917690089751 0.26330575064891737 3.5161616224266985 2.8376153625833869 18.775000000000002 0.001199999999999993 0.14944809283130525
decision_type=8 8 10 10 10 10 10 10 2 2 10 8 10
left_child=5 8 4 -4 -3 10 9 -8 -2 -7 12 -12 -1
right_child=1 2 3 -5 -6 6 7 -9 -10 -11 11 -13 -14
leaf_value=-0.0013220187040655707 4.952475846355409e-05 8.3436372171033919e-05 0.00010725886991606713 -0.00047805332112089012 0.002347249804887722 0.00042835102765943832 0.00078475495805088074 -0.00091742154547419367 -0.0013272886444321457 -0.0010505831629092539 0.0013124735578053527 -0.001732662198398732 0.00097545749317287341
leaf_weight=122.13917838525958 25.164399060420692 2771.1367894622963 2044.7990185087547 1728.2154337037355 180.77106613432989 92.509477955289185 112.53792926482856 111.34036976890638 81.998933597235009 459.36368503514677 5.9104796624742431 8.6240258053876442 7.3160717189311972
leaf_count=1624 60 22545 7359 5378 1352 546 558 680 205 2156 66 130 40
internal_value=-0.000448031 0.000103393 0.00031692 -0.00109943 0.0021383 -0.00457757 -0.00270464 0.00406591 -0.012919 -0.00551248 -0.0143881 0.00707328 -0.0170727
internal_weight=7751.83 6832.09 6724.92 3773.01 2951.91 919.741 775.751 223.878 107.163 551.873 143.99 14.5345 129.455
internal_count=42699 36899 36634 12737 23897 5800 3940 1238 265 2702 1860 196 1664
is_linear=0
shrinkage=0.0844352


Tree=36
num_leaves=8
num_cat=0
split_feature=10 33 9 12 10 18 33
split_gain=3.35707 2.53158 3.37552 4.49533 4.13639 3.16763 2.58209
threshold=0.084658852377244673 0.0083530813047436609 0.39125341581959339 0.096848807535742085 0.27544475918368311 -0.12082127856567569 -0.044619393597027039
decision_type=8 8 10 10 10 10 10
left_child=-1 5 3 -3 -4 -2 -7
right_child=1 2 4 -5 -6 6 -8
leaf_value=-0.0017207874110096565 0.011951423971704241 1.4198680155876329e-05 0.0024146155584667925 -0.0010565618616051404 0.0010725295474689016 -0.00010963532987418129 -0.00094828953084630653
leaf_weight=66.258291364181787 11.734165117144583 5221.243424113607 37.71654967404902 359.21627844916657 874.4735588664189 653.99363857973367 527.19095189869404
leaf_count=480 76 30015 206 1386 3006 5244 2286
internal_value=-0.000427531 -0.000259296 0.000393054 -0.000379983 0.00515568 -0.00383598 -0.00430331
internal_weight=7751.83 7685.57 6492.65 5580.46 912.19 1192.92 1181.18
internal_count=42699 42219 34613 31401 3212 7606 7530
is_linear=0
shrinkage=0.0844352


Tree=37
num_leaves=12
num_cat=0
split_feature=27 9 35 20 17 16 35 33 17 33 33
split_gain=2.33955 2.398 3.08348 3.62747 2.68633 2.4429 1.57032 1.47772 1.42982 0.300891 0.692326
threshold=-0.019565983581288818 0.17319037931707651 5.0210805470611648 0.022321602651894149 0.60178147969007834 1.5303548435308199 3.5161616224266985 0.0088861460123564901 0.76768860215547208 0.012015466947537525 0.032138209976170458
decision_type=8 8 2 8 8 10 2 8 10 8 8
left_child=6 2 8 -4 7 -6 -1 -3 -2 -8 -11
right_child=1 4 3 -5 5 -7 9 -9 -10 10 -12
leaf_value=0.00012541211247636116 0.00064977120003197042 0.00030039676818425446 0.00039225217344417411 -0.00080310029821314716 5.1022273792580798e-05 -0.0013185090794687936 -0.001181419448258604 -0.0017993179236409458 -0.00090578232824658936 -0.0023971727901424826 0.00013384787680784108
leaf_weight=25.927916503511369 25.491209109313786 31.201667172834277 92.652779143303633 117.58531950367615 6735.8053142311983 156.51130249351263 69.453466951847076 95.418812506832182 379.49914007401094 14.665057107806206 7.6148732651490727
leaf_count=88 246 208 596 1356 34502 930 87 389 4123 28 146
internal_value=-0.000402566 -0.000215593 -0.00526981 0.00290153 0.00022311 0.00045209 -0.0121937 -0.0119262 -0.00959131 -0.0174425 -0.00630331
internal_weight=7751.83 7634.17 615.228 210.238 7018.94 6892.32 117.661 126.62 404.99 91.7334 22.2799
internal_count=42699 42350 6321 1952 36029 35432 349 597 4369 261 174
is_linear=0
shrinkage=0.0844352


Tree=38
num_leaves=15
num_cat=0
split_feature=7 31 35 28 5 22 30 5 10 38 18 5 22 22
split_gain=2.38932 3.90087 4.337 3.61514 3.32876 3.65789 4.62635 3.3563 3.05338 2.71792 2.06058 1.99226 1.56474 3.57897
threshold=0.19131741054147186 1.6149999999999995 4.691760631608104 0.091799999999999951 0.21192433894489798 0.018042515943688584 19.235000000000003 0.2676598341866307 0.33118247343933988 2.5000000000000004 0.011864511355104026 0.30383579616075135 0.020986501644483371 0.028288317064350921
decision_type=10 10 2 10 10 8 10 10 10 2 10 10 10 10
left_child=1 2 10 -4 5 6 -2 9 -7 -6 -1 -9 -3 -14
right_child=4 12 3 -5 7 8 -8 11 -10 -11 -12 -13 13 -15
leaf_value=-0.00071979687367111644 0.0021152156408678624 -0.0011194968590870313 0.00027695269267093993 0.0076448083667721364 0.0021960879315897487 -0.00053628294811658558 -0.0010094755433184043 -0.00095943829653720892 5.1296506777539961e-05 0.00053367604301435604 0.0004046591711251282 0.00011943200917167994 0.00033234266789751758 -0.0011196686910022007
leaf_weight=470.76448114239611 38.062163759022951 104.4612791268155 398.95923072332516 9.4947527647018415 369.34484721906483 1879.1114582340233 18.113993273582309 303.57556759053841 1623.3751988345757 447.75558751123026 107.31140531226993 1633.3588348617777 90.938197447918355 257.1998602617532
leaf_count=4373 788 588 3617 14 1150 8711 104 1700 6420 3003 1069 8382 576 2204
internal_value=-0.00039899 -0.00350477 -0.00049033 0.00612774 0.000304066 -0.00139557 0.019822 0.0025121 -0.00174854 0.00705197 -0.00522509 0.000578348 -0.00999336 -0.00710054
internal_weight=7751.83 1439.13 986.53 408.454 6312.7 3558.66 56.1762 2754.03 3502.49 817.1 578.076 1936.93 452.599 348.138
internal_count=42699 12441 9073 3631 30258 16023 892 14235 15131 4153 5442 10082 3368 2780
is_linear=0
shrinkage=0.0844352


Tree=39
num_leaves=15
num_cat=0
split_feature=9 34 22 28 26 10 8 16 12 9 35 34 12 35
split_gain=3.95177 2.64098 3.79717 5.29027 2.82717 3.89969 2.94244 2.81611 2.02271 1.66418 2.26562 1.48196 1.03263 0.609932
threshold=0.17104971006620892 0.011816481628332045 0.16272390523969041 0.017450000000000025 0.5744875123258969 0.79029795671866976 0.39296271252089038 1.5303548435308199 0.031530539009406312 0.14497781884992608 5.476777310016911 -0.04734180047292446 0.046347875627405159 3.6891293916347623
decision_type=8 10 8 10 8 10 10 10 10 10 2 10 10 2
left_child=8 2 7 -4 6 -6 -3 -2 9 13 -11 12 -10 -1
right_child=1 4 3 -5 5 -7 -8 -9 11 10 -12 -13 -14 -15
leaf_value=2.2430694392589653e-05 7.2986926791816925e-05 -0.00039705769405113945 -0.0020808332083419 0.0059683846561752107 -9.6222172725827227e-05 0.0021701278202909532 -0.0015239372136306342 -0.0016909120671433659 -0.0011335021474355657 -0.00013192023502317635 0.00065695862437500409 -0.0014288163131912651 0.0029514316950142411 -0.00073143217133764509
leaf_weight=17.663565304130316 5313.3120647864416 611.87711749784648 38.211052955361083 49.844119150191545 798.48569525778294 47.792945642024279 252.3105681464076 76.165996695868671 18.492234616540376 244.34440403059125 44.656982210464776 114.84139710664749 9.8834940423257631 113.9452206203714
leaf_count=216 29054 1456 1580 776 2298 116 832 492 888 1791 358 408 1128 1306
internal_value=-0.000610421 -7.15827e-05 0.000828152 0.0181741 -0.00297149 0.000461329 -0.00636946 0.000536691 -0.00741414 -0.00434336 -0.000631273 -0.0161488 5.22072e-06 -0.0122061
internal_weight=7751.83 7188 5477.53 88.0552 1710.47 846.279 864.188 5389.48 563.827 420.61 289.001 143.217 28.3757 131.609
internal_count=42699 36604 31902 2356 4702 2414 2288 29546 6095 3671 2149 2424 2016 1522
is_linear=0
shrinkage=0.0844352


Tree=40
num_leaves=9
num_cat=0
split_feature=10 33 35 26 4 33 26 33
split_gain=3.1968 2.16006 3.13585 3.03924 4.10217 3.83123 2.79756 1.38307
threshold=0.084658852377244673 0.0083530813047436609 4.9512744410614351 0.4431075016576031 0.059280365757571139 0.010041022223061248 0.69359781625688521 -0.05492934047212588
decision_type=8 8 2 10 8 8 8 10
left_child=-1 2 6 5 -5 -3 -2 -4
right_child=1 3 7 4 -6 -7 -8 -9
leaf_value=-0.0013933489435444927 -0.00052795242174335849 0.0032232399719603322 -0.00014857913210833678 0.00047052496644871489 -0.0014223155010217306 -0.00014740869833952867 0.0010618727912202165 -0.0011901573650655996
leaf_weight=66.258291364181787 623.38326072692871 42.881969162262976 125.80165699031204 2766.8500152570195 205.6212783488445 3477.2965483351145 246.35320480726659 197.38063307106495
leaf_count=480 4408 86 1088 15708 1318 17501 1524 586
internal_value=-0.000507112 -0.000342809 -0.0036461 0.000259296 0.00225137 -0.00141353 -0.000962933 -0.0107502
internal_weight=7751.83 7685.57 1192.92 6492.65 2972.47 3520.18 869.736 323.182
internal_count=42699 42219 7606 34613 17026 17587 5932 1674
is_linear=0
shrinkage=0.0844352


Tree=41
num_leaves=14
num_cat=0
split_feature=9 27 27 16 11 12 12 30 34 35 35 12 35
split_gain=3.88351 2.88393 2.29282 3.05335 2.30273 2.06544 1.68605 1.49292 1.46817 1.0846 1.00006 0.949172 0.0410117
threshold=0.17104971006620892 -0.019565983581288818 0.57346733252400395 1.5303548435308199 0.29495030779818471 0.031530539009406312 0.01828487847645071 20.580000000000002 -0.04734180047292446 5.476777310016911 3.5161616224266985 0.046347875627405159 4.382713896503577
decision_type=8 10 10 10 10 10 10 10 10 2 2 10 2
left_child=5 10 3 -3 -4 6 9 -8 11 -1 -2 -7 -12
right_child=1 2 4 -5 -6 8 7 -9 -10 -11 12 -13 -14
leaf_value=-0.00067079249280441319 0.00012433255426794304 8.8604050834996783e-05 -0.00075067416803414986 -0.0014280461762591126 -9.805365339015595e-05 -0.0010465493528615327 -1.8839418583082126e-05 0.00068233471808722124 -0.0012957274904765515 0.00090858640812852562 -0.00050953689924055777 0.0027146735438858096 -0.00098671418991139463
leaf_weight=176.81362133705989 26.2189278639853 5690.3479937084485 254.30774081707932 50.496171181555837 1076.4248910578899 18.492234616540376 213.17838152172044 8.4362815991044027 114.84139710664749 22.181887707673013 33.681925768265501 9.8834940423257631 56.521909734699875
leaf_count=1218 94 28922 1518 350 5479 888 2147 50 408 256 109 1128 132
internal_value=-0.00060272 -6.85169e-05 0.000144384 0.000880888 -0.00300709 -0.00734741 -0.00424671 0.000682523 -0.01617 -0.00988796 -0.0132195 0 -0.0174287
internal_weight=7751.83 7188 7071.58 5740.84 1330.73 563.827 420.61 221.615 143.217 198.996 116.423 28.3757 90.2038
internal_count=42699 36604 36269 29272 6997 6095 3671 2197 2424 1474 335 2016 241
is_linear=0
shrinkage=0.0844352


Tree=42
num_leaves=8
num_cat=0
split_feature=10 27 1 18 20 35 31
split_gain=3.15354 2.31233 2.08022 2.21601 2.21 0.935915 0.772762
threshold=0.084658852377244673 -0.019565983581288818 0.085508620689655188 -0.015083048205368431 0.19588079237745962 4.382713896503577 0.035000000000000149
decision_type=8 8 2 10 8 2 10
left_child=-1 5 3 -3 -4 6 -2
right_child=1 2 4 -5 -6 -7 -8
leaf_value=-0.0012190628158211809 -0.00046651406585475059 0.0001640241777546982 8.9582774056110547e-05 -0.00026570465571018685 -0.0029269981465744168 -0.00090340081210648704 4.440983420449376e-05
leaf_weight=66.258291364181787 18.131989030865952 802.04378279903904 4726.3466477980837 1952.8250979091972 86.733758295420557 56.494386152829975 42.992904713377357
leaf_count=480 80 5723 22580 12184 1397 131 124
internal_value=-0.000628573 -0.000465316 -0.000277797 -0.0021311 0.000776239 -0.0121905 -0.00418438
internal_weight=7751.83 7685.57 7567.95 2754.87 4813.08 117.619 61.1249
internal_count=42699 42219 41884 17907 23977 335 204
is_linear=0
shrinkage=0.0844352


Tree=43
num_leaves=8
num_cat=0
split_feature=10 27 16 22 16 35 31
split_gain=3.19266 2.35734 2.06812 2.52372 2.43528 0.935915 0.772762
threshold=0.084658852377244673 -0.019565983581288818 1.3088841472007771 0.12899165620464906 1.1543710070282074 4.382713896503577 0.035000000000000149
decision_type=8 8 10 10 10 2 10
left_child=-1 5 4 -4 -3 6 -2
right_child=1 2 3 -5 -6 -7 -8
leaf_value=-0.0011161310428915293 -0.00042712387260806085 -3.3382333620492634e-05 -0.0005999890981313173 0.0047324630188912064 0.00033684848290748478 -0.00082712201330351575 4.0660082419060895e-05
leaf_weight=66.258291364181787 18.131989030865952 5916.0529784457758 579.25634132279083 39.808105994947255 1032.8318610382266 56.494386152829975 42.992904713377357
leaf_count=480 80 33156 4432 338 3958 131 124
internal_value=-0.000518705 -0.000354501 -0.00016526 -0.00484192 0.000246986 -0.0121905 -0.00418438
internal_weight=7751.83 7685.57 7567.95 619.064 6948.88 117.619 61.1249
internal_count=42699 42219 41884 4770 37114 335 204
is_linear=0
shrinkage=0.0844352


Tree=44
num_leaves=8
num_cat=0
split_feature=7 27 17 27 18 28 35
split_gain=2.8321 2.31803 2.15106 2.81817 1.94655 1.23324 0.984725
threshold=0.10272801034381333 -0.019565983581288818 1.7695274476654381 0.22859195362390977 -0.012804052732189873 0.0061000000000000091 4.4053768161777276
decision_type=8 8 10 8 8 10 2
left_child=-1 5 4 -4 -3 -2 -7
right_child=1 2 3 -5 -6 6 -8
leaf_value=-0.0014148610892021978 -0.00093821624765250697 0.00011420280502972363 0.00098656120588411027 -0.00010963995759244217 -0.0001660367065681746 0.00015777597246589698 -0.00072944537594163146
leaf_weight=51.960766795556992 75.2639683727175 2215.9427472651005 478.07235599868 510.73068417655304 4377.4737004148774 27.811004272429273 14.571630767080931
leaf_count=324 171 11206 2514 2795 25517 120 52
internal_value=-0.000592157 -0.000454418 -0.000267008 0.00339774 -0.000821869 -0.0121926 0
internal_weight=7751.83 7699.87 7582.22 988.803 6593.42 117.647 42.3826
internal_count=42699 42375 42032 5309 36723 343 172
is_linear=0
shrinkage=0.0844352


Tree=45
num_leaves=8
num_cat=0
split_feature=10 27 9 8 27 10 24
split_gain=3.14132 1.90799 2.16771 2.1746 1.58457 1.38864 0.22469
threshold=0.084658852377244673 -0.019565983581288818 0.17319037931707651 0.16347877630718352 0.16962258524714527 0.38811436466428378 11.500000000000002
decision_type=8 8 8 8 10 8 2
left_child=-1 5 4 -4 -3 6 -2
right_child=1 2 3 -5 -6 -7 -8
leaf_value=-0.0009850522994450659 -0.0018226642157648993 -4.4219862770006627e-05 0.00023169716363644703 -2.9923945085232321e-06 -0.00040215724939705335 9.3329780935982507e-05 -0.00065769039358579313
leaf_weight=66.258291364181787 24.984634808730334 239.41873072553426 82.155114599503577 6919.1543078529648 327.22113362373784 23.587984426645562 69.046660661697388
leaf_count=480 202 2665 835 35112 3272 49 84
internal_value=-0.000609136 -0.000446193 -0.000275436 0.000126671 -0.00529715 -0.0110982 -0.0157782
internal_weight=7751.83 7685.57 7567.95 7001.31 566.64 117.619 94.0313
internal_count=42699 42219 41884 35947 5937 335 286
is_linear=0
shrinkage=0.0844352


Tree=46
num_leaves=13
num_cat=0
split_feature=22 23 22 28 35 9 11 33 27 23 5 24
split_gain=2.1178 2.02699 2.35995 1.84063 3.08048 2.94895 1.4467 1.016 0.543749 0.395012 0.354967 0.225496
threshold=0.015400180298880886 0.00870373035753025 0.019405257101319847 -0.02845 5.2443362304014096 0.46463304717064219 0.31758411384392299 0.12901264359894318 0.87056014895211375 0.0099519016526455912 0.13241711361289502 9.5000000000000018
decision_type=8 8 10 10 2 10 8 8 10 10 8 2
left_child=6 2 -2 4 -3 -5 7 11 -8 -9 -4 -1
right_child=1 3 10 5 -6 -7 8 9 -10 -11 -12 -13
leaf_value=-0.00099567538120653738 0.0019749450314681589 -0.00016069278830732717 -0.0030182226992958635 -1.3788847001779458e-05 -0.0014358106343746637 0.0020132539791834687 0.0031871140851408471 0.0031158160491913563 -0.0014989395116550485 -0.00013860535504851417 0.00032114601048507442 -0.00092469793852092465
leaf_weight=27.342000531032681 17.219387171790004 1323.1494944281876 8.8458019420504552 5667.6573172723874 157.42176051274873 460.79799407348037 4.8460802589543155 4.2259865365922442 1.8555985996499655 2.1799653675407171 9.3487672694027442 66.936704099178314
leaf_count=860 88 7192 62 30604 789 1850 234 700 26 72 92 130
internal_value=-0.00044238 -0.000272083 0.0197011 -0.000370881 -0.00304389 0.000269721 -0.0121924 -0.0149521 0.0226172 0.0139708 0 -0.0173392
internal_weight=7751.83 7644.44 35.414 7609.03 1480.57 6128.46 107.386 100.685 6.70168 6.40595 18.1946 94.2787
internal_count=42699 40677 242 40435 7981 32454 2022 1762 260 772 154 990
is_linear=0
shrinkage=0.0844352


Tree=47
num_leaves=16
num_cat=0
split_feature=34 28 28 35 26 28 35 11 31 31 16 35 34 35 24
split_gain=2.01972 3.78661 5.72604 6.92982 3.82792 3.3428 3.10638 3.06555 2.73403 3.23721 2.6981 3.57785 2.43777 2.01264 1.15639
threshold=-0.018666030396810248 0.010450000000000017 -0.0052500000000000038 4.9399266632660126 0.64749176079802284 0.095150000000000054 3.569391831569888 0.35867456063117042 1.6600000000000013 7.1250000000000009 0.86682772057463253 3.8951819830608412 0.0066401901823851537 3.7550181950173545 10.500000000000002
decision_type=10 10 10 2 8 10 2 10 10 10 8 2 10 2 2
left_child=5 2 3 -2 -4 6 7 -1 12 -10 14 -12 -3 -8 -7
right_child=1 8 4 -5 -6 10 13 -9 9 -11 11 -13 -14 -15 -16
leaf_value=-0.00077839516370311625 6.7486503588150656e-05 -6.9247447369046684e-05 0.00034019149049147604 -0.00056338875708942561 0.0014746200334513882 0.0051393569631840762 0.0023779047789652735 0.00076426488312760388 -0.00080072521142466691 0.0012229279077785105 0.0024060931078944974 -0.0011462941410062385 0.0037936324673639786 7.1348988597325335e-05 0.012588404758385401
leaf_weight=527.94950415426865 1181.4360428340733 328.73219039477408 668.47567377611995 446.93025051523 142.15855179727077 16.744927395135168 163.91740111447871 275.51768406759948 1395.9786884486675 83.17055831849575 88.118327395990491 43.953071623574942 73.356449596583843 2303.4980345822405 11.88950204849243
leaf_count=5262 4373 1622 1886 1470 568 200 1478 2124 3202 400 792 270 564 18464 24
internal_value=-0.000385129 -0.0016029 0.000580573 -0.00229104 0.00638723 0.00113837 0.000542579 -0.00400168 -0.00445061 -0.00613318 0.0130141 0.00752279 0.00165679 0.00203632 0.0365584
internal_weight=7751.83 4320.24 2439 1628.37 810.634 3431.59 3270.88 803.467 1881.24 1479.15 160.706 132.071 402.089 2467.42 28.6344
internal_count=42699 14085 8297 5843 2454 28614 27328 7386 5788 3602 1286 1062 2186 19942 224
is_linear=0
shrinkage=0.0844352


Tree=48
num_leaves=7
num_cat=0
split_feature=10 8 9 39 27 17
split_gain=3.15238 1.72346 4.023 2.56923 2.24859 1.12358
threshold=0.084658852377244673 0.78750524826199386 0.57815013251354863 1.5000000000000002 -0.019565983581288818 1.212587722315573
decision_type=8 10 10 2 8 10
left_child=-1 2 4 -4 -2 -3
right_child=1 5 3 -5 -6 -7
leaf_value=-0.0010003519205846927 -0.00054158749794718203 -0.0019381266833425797 0.005695154556339465 0.0026483138402824901 -1.9330279577435031e-05 0.0029091612164354724
leaf_weight=66.258291364181787 114.18821839080192 57.103550745174289 36.97656231559813 101.80507136136293 7360.0390831585974 15.456080727279184
leaf_count=480 331 228 236 412 40948 64
internal_value=-0.000486197 -0.000323014 -0.000194663 0.0140118 -0.000463938 -0.0132294
internal_weight=7751.83 7685.57 7613.01 138.782 7474.23 72.5596
internal_count=42699 42219 41927 648 41279 292
is_linear=0
shrinkage=0.0844352


end of trees

feature_importances:
iv_rank=42
hv_rank=39
log_spot=37
parkinson_rv_60d=33
spy_drift_60d=32
hist_move_avg_8q=31
vix_current=29
parkinson_rv_20d=26
volume_ratio_20d=25
drift_5d=25
parkinson_rv_10d=24
cc_rv_10d=22
iv_mom_week=21
hist_move_avg_4q=20
vol_of_vol_20d=19
vix_change_30d=19
cc_rv_20d=18
tlt_spy_ratio_30d=18
iv_crush_pct=17
hist_move_med_4q=17
straddle_pct=16
hist_move_std_4q=16
hist_move_med_8q=16
rv_term_ratio=15
hist_event_count=13
iv_cc_rv_ratio_20d=10
atm_iv=7
event_move_implied=5
vix_pct_252d=3
earnings_month=3
earnings_dow=2
em_iv_pct=1
iv_rv_ratio_20d=1
hist_straddle_accuracy=1

parameters:
[boosting: gbdt]
[objective: quantile]
[metric: quantile]
[tree_learner: serial]
[device_type: cpu]
[data_sample_strategy: bagging]
[data: ]
[valid: ]
[num_iterations: 1500]
[learning_rate: 0.0844352]
[num_leaves: 31]
[num_threads: 8]
[seed: 42]
[deterministic: 0]
[force_col_wise: 0]
[force_row_wise: 0]
[histogram_pool_size: -1]
[max_depth: 4]
[min_data_in_leaf: 59]
[min_sum_hessian_in_leaf: 0.001]
[bagging_fraction: 0.863516]
[pos_bagging_fraction: 1]
[neg_bagging_fraction: 1]
[bagging_freq: 0]
[bagging_seed: 400]
[bagging_by_query: 0]
[feature_fraction: 0.731713]
[feature_fraction_bynode: 1]
[feature_fraction_seed: 30056]
[extra_trees: 0]
[extra_seed: 12879]
[early_stopping_round: 0]
[early_stopping_min_delta: 0]
[first_metric_only: 0]
[max_delta_step: 0]
[lambda_l1: 0.39161]
[lambda_l2: 0.579482]
[linear_lambda: 0]
[min_gain_to_split: 0]
[drop_rate: 0.1]
[max_drop: 50]
[skip_drop: 0.5]
[xgboost_dart_mode: 0]
[uniform_drop: 0]
[drop_seed: 17869]
[top_rate: 0.2]
[other_rate: 0.1]
[min_data_per_group: 100]
[max_cat_threshold: 32]
[cat_l2: 10]
[cat_smooth: 10]
[max_cat_to_onehot: 4]
[top_k: 20]
[monotone_constraints: ]
[monotone_constraints_method: basic]
[monotone_penalty: 0]
[feature_contri: ]
[forcedsplits_filename: ]
[refit_decay_rate: 0.9]
[cegb_tradeoff: 1]
[cegb_penalty_split: 0]
[cegb_penalty_feature_lazy: ]
[cegb_penalty_feature_coupled: ]
[path_smooth: 0]
[interaction_constraints: ]
[verbosity: -1]
[saved_feature_importance_type: 0]
[use_quantized_grad: 0]
[num_grad_quant_bins: 4]
[quant_train_renew_leaf: 0]
[stochastic_rounding: 1]
[linear_tree: 0]
[max_bin: 255]
[max_bin_by_feature: ]
[min_data_in_bin: 3]
[bin_construct_sample_cnt: 200000]
[data_random_seed: 175]
[is_enable_sparse: 1]
[enable_bundle: 1]
[use_missing: 1]
[zero_as_missing: 0]
[feature_pre_filter: 1]
[pre_partition: 0]
[two_round: 0]
[header: 0]
[label_column: ]
[weight_column: ]
[group_column: ]
[ignore_column: ]
[categorical_feature: ]
[forcedbins_filename: ]
[precise_float_parser: 0]
[parser_config_file: ]
[objective_seed: 16083]
[num_class: 1]
[is_unbalance: 0]
[scale_pos_weight: 1]
[sigmoid: 1]
[boost_from_average: 1]
[reg_sqrt: 0]
[alpha: 0.75]
[fair_c: 1]
[poisson_max_delta_step: 0.7]
[tweedie_variance_power: 1.5]
[lambdarank_truncation_level: 30]
[lambdarank_norm: 1]
[label_gain: ]
[lambdarank_position_bias_regularization: 0]
[eval_at: ]
[multi_error_top_k: 1]
[auc_mu_weights: ]
[num_machines: 1]
[local_listen_port: 12400]
[time_out: 120]
[machine_list_filename: ]
[machines: ]
[gpu_platform_id: -1]
[gpu_device_id: -1]
[gpu_use_dp: 0]
[num_gpu: 1]

end of parameters

pandas_categorical:[]
