tree
version=v4
num_class=1
num_tree_per_iteration=1
label_index=0
max_feature_idx=39
objective=quantile
feature_names=atm_iv straddle_pct em_iv_pct dte event_move_implied iv_crush_pct event_vol_fraction parkinson_rv_10d parkinson_rv_20d parkinson_rv_60d cc_rv_10d cc_rv_20d vol_of_vol_20d iv_rv_ratio_20d iv_rv_ratio_60d iv_cc_rv_ratio_20d rv_term_ratio volume_ratio_20d drift_5d hist_move_avg_4q hist_move_med_4q hist_move_std_4q hist_move_avg_8q hist_move_med_8q hist_event_count hist_straddle_accuracy iv_rank hv_rank iv_mom_week iv_mom_month vix_current vix_change_30d vix_pct_252d spy_drift_60d tlt_spy_ratio_30d log_spot timing_bmo timing_amc earnings_month earnings_dow
feature_infos=[0.024199999999999999:9.9293999999999993] [0.002142857142857143:2.21] [0.0053740931060346142:1.5591856490901803] [1:60] [0:1.1296746668417901] [-7.8719008264462813:0.9435927580531388] [0.035178152001413186:173.3117510595934] [0.012475812364060786:1.4739688948412315] [0.014528699580470076:1.2438967218232768] [0.013207812215560761:1.4952309709118137] [0.0066679270609813152:6.9342884920552006] [0.0068262195275598627:8.2027230917918654] [0.0027020016679954314:0.62244251568894249] [0.26930305252671605:99.583912805520455] [0.20974968805216301:66.302880156718047] [0.051441721062870392:127.82888870730311] [0.09527953453298528:2.4494897427831788] [0.23972616521001539:11.824474731441196] [-0.52344068487566253:0.61354838709677417] [0:0.5085720135024111] [0:0.5] [0:0.74631856464742785] [0:0.5] [0:0.5] [0:24] [0.0015431424037530123:41.510601492389036] [0:1] [-11.142857142856565:8.4000000000002668] [-0.81919999999999993:0.69280000000000008] [-0.65920000000000001:0.62860000000000005] [12.039999999999999:52.329999999999998] [-29.849999999999998:24.469999999999999] [0.0065963060686015833:1] [-0.15722837228372288:0.2501611343860779] [-0.2127845500662231:0.18641926279590715] [0.19885085874516517:8.6444864170736135] [0:1] [0:1] [1:12] [1:5]
tree_sizes=1853 1915 1917 1916 1910 1911 1809 1793 1907 1796 1899 1918 1807 1590 1800 1922 1684 1696 1921 1587 1595 1590 1932 1705 1921 1807 1917 1460 1690 1700 1693 1794 1800 1581 1470 1808 1801 1814 1693 1467 1596

Tree=0
num_leaves=16
num_cat=0
split_feature=19 1 9 17 23 7 0 23 17 28 11 19 17 9 28
split_gain=131.395 29.2714 22.148 8.21695 7.05081 6.59687 5.7886 4.64598 4.56398 4.24765 3.41733 3.15675 2.54842 2.21381 1.29155
threshold=0.047404492470359043 0.13263654419066537 0.20172132560204664 1.3121519817869352 0.031252612883021121 0.1616772789177553 0.59177500000000005 0.026768522853226593 0.91163042111317305 0.032800000000000017 0.2500816393246717 0.060754742482580053 1.4747445050901482 0.14497781884992608 -0.0086999999999999977
decision_type=10 2 10 10 10 8 2 8 8 10 8 10 10 10 10
left_child=2 5 7 4 -4 14 -7 13 -9 -5 12 -12 -3 -1 -2
right_child=1 10 3 9 -6 6 -8 8 -10 -11 11 -13 -14 -15 -16
leaf_value=0.043907993279889958 0.042613975070024054 0.049344762853478566 0.044394519850177082 0.045792814929329025 0.045426969563037094 0.046460936328891735 0.047696217253860779 0.044187435510954873 0.045175249800494137 0.04664574943055267 0.047170464184842505 0.050092856505316787 0.044727320480645462 0.04393988269005536 0.045544583476491728
leaf_weight=125.64095824956894 28.349413070362061 49.119445498101413 657.95965375006199 642.96941997250542 743.70899314433336 1943.1649327976629 690.85184641927481 58.770089112687856 393.1986733248923 228.15315844397992 171.6704252390191 1354.5575633691624 39.24147296929732 551.29406237741932 73.1767503246665
leaf_count=1512 299 292 3679 3058 3350 10722 3411 376 4787 1004 703 5232 156 3196 922
internal_value=0.0460533 0.0557694 0.033619 0.0384462 0.0344425 0.0504309 0.0512557 0.0239388 0.0307759 0.0449296 0.0647891 0.0657264 0.0482045 0.0194396 0.0294466
internal_weight=7751.83 4350.13 3401.7 2272.79 1401.67 2735.54 2634.02 1128.9 451.969 871.123 1614.59 1526.23 88.3609 676.935 101.526
internal_count=42699 21737 20962 11091 7029 15354 14133 9871 5163 4062 6383 5935 448 4708 1221
is_linear=0
shrinkage=1


Tree=1
num_leaves=16
num_cat=0
split_feature=22 1 22 7 26 22 26 10 22 18 9 35 12 35 18
split_gain=123.823 27.4676 17.1085 9.07825 7.30251 5.32464 4.75166 3.9696 4.74456 4.1587 3.77322 3.764 3.13131 2.36899 1.99544
threshold=0.044713877541768254 0.13263654419066537 0.035181378614713814 0.2144586003834294 0.17295785604913314 0.085416151682205829 0.39962264608434211 0.20055944730416439 0.038299658378514415 -0.0090932059350450883 0.30096824095794222 5.5640413608055432 0.10955523688985588 4.1695293323824005 -0.025603629726563933
decision_type=10 2 8 10 8 10 8 10 8 10 10 2 10 2 8
left_child=2 4 3 14 13 -6 12 9 -9 -4 -8 -5 -3 -2 -1
right_child=1 6 7 11 5 -7 10 8 -10 -11 -12 -13 -14 -15 -16
leaf_value=-0.0013960746855661509 -0.0011462589748403159 0.0020485849634738393 -0.00013834616794278665 -0.0012860681286826943 0.00027876618174960035 0.0018363154831695719 0.0019587897694672133 0.00045597692594599314 -0.0004534691361459024 -0.0012741174782821968 0.0039122199282700335 0.00034089367258587761 -0.0011918021730413792 -0.0018037894195704117 -0.0019128032866303881
leaf_weight=111.97291159117594 55.657967323902994 248.94148810394108 126.87329105217941 786.44145882641897 2445.310378737282 595.01456913445145 212.52165959682316 253.81583471782506 520.75095427967608 194.17480848589912 1177.5556608117186 86.238941724412143 75.106469185557216 44.842776540201157 816.60768795153126
leaf_count=872 514 1032 2528 4391 12659 3661 999 1180 2725 1305 4415 338 328 236 5516
internal_value=-9.22271e-06 0.00822941 -0.0138269 -0.0188941 0.00352302 0.00427343 0.0168296 -0.00546033 -0.00213349 -0.0133656 0.0189919 -0.0126194 0.00743499 -0.0187453 -0.0247439
internal_weight=7751.83 4854.95 2896.88 1801.26 3140.83 3040.32 1714.13 1095.61 774.567 321.048 1390.08 872.68 324.048 100.501 928.581
internal_count=42699 23844 18855 11117 17070 16320 6774 7738 3905 3833 5414 4729 1360 750 6388
is_linear=0
shrinkage=0.0844352


Tree=2
num_leaves=16
num_cat=0
split_feature=23 1 9 0 8 17 33 5 23 28 25 20 27 23 23
split_gain=85.6366 28.5768 14.3723 8.70315 5.67809 5.34751 5.16531 5.00692 4.75341 4.39908 4.38963 4.29076 4.17364 3.33679 2.43825
threshold=0.035748618806903894 0.10724568965517244 0.19370304638735383 0.55437500000000017 0.19712248321619022 1.9128539094474868 0.045527889285227226 0.086297796630613946 0.043761525648657658 0.003100000000000006 0.33749182844959219 0.04389585390642612 0.15327652171851433 0.014659548358646081 0.019911230102321657
decision_type=10 2 10 2 10 10 8 10 10 10 10 8 10 8 10
left_child=2 4 11 10 6 7 -2 -4 -6 -5 -3 14 -13 -7 -1
right_child=1 3 5 9 8 13 -8 -9 -10 -11 -12 12 -14 -15 -16
leaf_value=-0.0020929067157238889 -0.0021330212967533946 -0.00074628033729063682 -0.0013989359326998013 0.0019365172344135535 -0.00037405909837371829 -0.0018186377740369492 -0.00034732358819121369 -0.0007126107568601501 0.00042540255911970839 0.00362325120190403 0.0014547058930261428 -0.0014784248736687859 0.0020121328425376861 0.0013575951037008962 -0.0014201589720459179
leaf_weight=384.13051963411272 144.01124484185129 148.64198805158958 315.9165639448911 779.06566266156733 457.24507303955033 10.943988895043729 336.90207483619452 1348.5913195298053 1397.6428368058987 933.4566340954043 905.55602152412757 27.213106757961214 26.139887809986249 106.15021403972059 430.21972159529105
leaf_count=2880 1096 610 1535 3038 2232 112 3666 6911 7081 3749 4290 986 1100 577 2836
internal_value=-0.000273516 0.00611677 -0.0125922 0.0119225 -0.000747126 -0.00821757 -0.00892625 -0.00945463 0.00135777 0.0156492 0.00583197 -0.0215249 0.00107642 0.00904629 -0.0230459
internal_weight=7751.83 5102.52 2649.31 2766.72 2335.8 1781.6 480.913 1664.51 1854.89 1712.52 1054.2 867.703 53.353 117.094 814.35
internal_count=42699 25762 16937 11687 14075 9135 4762 8446 9313 6787 4900 7802 2086 689 5716
is_linear=0
shrinkage=0.0844352


Tree=3
num_leaves=16
num_cat=0
split_feature=22 1 22 7 26 26 17 22 34 28 18 34 34 22 8
split_gain=92.2215 19.6779 14.6362 8.83878 6.79876 5.58325 4.94375 4.78012 4.38305 4.02143 3.97098 3.93994 3.55178 2.66454 2.18858
threshold=0.044713877541768254 0.13263654419066537 0.035181378614713814 0.2144586003834294 0.17295785604913314 0.39962264608434211 1.9128539094474868 0.085416151682205829 0.031791022825298672 -0.0049999999999999758 -0.10782978983023271 0.036449161784192004 0.037943411761758646 0.020070493402839985 0.25388932205146836
decision_type=10 2 10 10 8 8 10 10 8 10 8 10 10 8 10
left_child=2 4 3 13 14 10 12 -6 -7 -8 -3 -5 -4 -1 -2
right_child=1 5 6 11 7 8 9 -9 -10 -11 -12 -13 -14 -15 -16
leaf_value=-0.0020872796869714923 -0.0018085010217190091 -0.0020001213589232502 -0.00065632752786699724 -0.00096613538768359922 0.00023347661302541975 0.0035333896109305779 -0.0019032957238049892 0.0015312924875851043 0.0011661619742361275 0.0019455529207056922 0.0013342829586053147 -0.0017880476033283505 0.00056553671436347251 -0.0014209505227080449 -0.00044773151023557009
leaf_weight=255.75069880345836 59.668336163740605 17.676987944170833 941.595196780283 818.44182703690603 2445.310378737282 1097.7145961327478 17.908870006911457 595.01456913445145 292.36272427579388 76.739617691375315 306.37096934532747 65.168553568422794 42.701321963220835 678.56980277854018 40.832407700363547
leaf_count=2060 488 50 5062 4661 12659 4514 132 3661 900 364 1310 250 184 6142 262
internal_value=-0.00027447 0.00683488 -0.0121996 -0.0168287 0.00284947 0.0141147 -0.00436451 0.0035742 0.0164485 0.0139053 0.00398978 -0.0106921 -0.00616203 -0.0225866 -0.0186425
internal_weight=7751.83 4854.95 2896.88 1817.93 3140.83 1714.13 1078.95 3040.32 1390.08 94.6485 324.048 883.61 984.297 934.321 100.501
internal_count=42699 23844 18855 13113 17070 6774 5742 16320 5414 496 1360 4911 5246 8202 750
is_linear=0
shrinkage=0.0844352


Tree=4
num_leaves=16
num_cat=0
split_feature=19 9 1 17 21 23 33 15 26 19 18 8 23 10 5
split_gain=74.7627 18.6648 15.9521 9.7137 7.02453 6.03316 4.60932 4.1288 4.05558 3.76332 3.23405 3.08611 2.79503 2.28286 1.49181
threshold=0.048952507265150859 0.17584969379410331 0.10335585585585587 1.3121519817869352 0.052543473233710565 0.023666442578014455 0.0083530813047436609 1.1191589902634702 0.16241295895110527 0.10560087189427726 0.049083177557953224 0.29228922382986805 0.033412329480901871 0.10449418209631882 0.62462319371051789
decision_type=10 10 2 10 8 10 8 10 10 10 8 10 8 8 10
left_child=1 12 8 5 7 -3 -5 -4 11 -6 -10 -2 14 -14 -1
right_child=2 3 4 6 9 -7 -8 -9 10 -11 -12 -13 13 -15 -16
leaf_value=-0.0014017524694228702 -0.0014604483055650015 -0.0016202309931447349 -0.00045077214994944566 -0.001128460605388521 0.0016663649032122596 -0.00073191226406600066 5.658237319405157e-05 0.0012281244997197828 2.1801457714289888e-05 0.0034795689807319758 0.001652246724701547 0.0028946006636584995 -0.0031491507237143062 -0.00044871771009314754 -0.0023473407542478268
leaf_weight=475.78373582102358 100.40848902752623 552.14076107926667 247.69427513983101 135.86320727691054 785.35161081748083 1226.8602883000858 983.75132609019056 724.78648164635524 1262.8615450118668 870.06490102503449 191.68492267886177 21.569806963670999 18.842232869938016 108.05560667510144 46.10766763985157
leaf_count=3686 626 3225 1019 896 3384 6079 4506 3167 7882 3757 1009 100 134 3027 202
internal_value=-0.000235986 -0.00926669 0.00737587 -0.00635054 0.0114042 -0.0102275 -0.000158697 0.00564855 0.000638321 0.0147623 0.00190052 -0.014081 -0.022227 -0.010464 -0.0250092
internal_weight=7751.83 3547.4 4204.42 2898.62 2627.9 1779 1119.61 972.481 1576.52 1655.42 1454.55 121.978 648.789 126.898 521.891
internal_count=42699 21755 20944 14706 11327 9304 5402 4186 9617 7141 8891 726 7049 3161 3888
is_linear=0
shrinkage=0.0844352


Tree=5
num_leaves=16
num_cat=0
split_feature=22 19 26 7 21 11 21 34 8 27 7 26 22 34 10
split_gain=71.6966 19.4619 8.4306 8.37348 6.93989 4.91528 4.21882 3.8018 3.38849 3.13275 3.03389 2.98899 2.37222 3.58374 2.412
threshold=0.035181378614713814 0.10560087189427726 0.16241295895110527 0.2144586003834294 0.032949458418549647 0.20825615878788586 0.026607968308863989 0.037943411761758646 0.23378667308020476 0.15163524848281149 0.19070201013328344 0.94585949048102447 0.020070493402839985 -0.048242920180405872 0.22814820984072537
decision_type=10 10 8 10 10 8 8 10 10 8 10 10 8 8 10
left_child=3 2 10 12 -4 8 7 -5 -3 -8 -2 -7 13 -1 -14
right_child=1 5 4 6 -6 11 9 -9 -10 -11 -12 -13 14 -15 -16
leaf_value=-0.0003847778345892304 -0.0022865054028581903 0.0009988920618618051 -0.00013366457704765215 -0.00032028814079634914 0.00064338045382328465 0.0030238030399556666 0.00013139672087034219 -0.0022312016229484757 -0.002157632178447247 -0.0015981155914756796 -0.0011490561701326351 -0.0016911747023425976 -0.0010748461922842878 -0.001943689075993159 -0.001541599703085322
leaf_weight=42.712237492203712 44.272846283856779 31.480063234921545 1863.4877936094999 606.49440785683692 2805.5910673532635 987.76799869490787 42.278533935081214 43.157407164573669 20.895277589559555 191.68003164883703 115.79014756483957 64.610781544819474 582.01635627099313 213.03846131125465 96.553446507547051
leaf_count=760 322 384 10160 2835 13235 4375 512 190 50 1374 694 366 5436 1300 706
internal_value=-0.000314715 0.00417569 0.00185426 -0.0149867 0.00251449 0.014287 -0.00901811 -0.00543599 -0.0104935 -0.0187859 -0.0171386 0.0155568 -0.0205868 -0.0277806 -0.0178054
internal_weight=7751.83 5933.9 4829.14 1817.93 4669.08 1104.75 883.61 649.652 52.3753 233.959 160.063 1052.38 934.321 255.751 678.57
internal_count=42699 29586 24411 13113 23395 5175 4911 3025 434 1886 1016 4741 8202 2060 6142
is_linear=0
shrinkage=0.0844352


Tree=6
num_leaves=15
num_cat=0
split_feature=22 1 12 10 20 17 19 21 16 27 6 8 18 15
split_gain=63.5607 22.2687 7.68548 7.27041 6.24735 5.71503 5.51427 5.2151 8.17854 4.63389 4.32489 4.23941 3.05908 2.19818
threshold=0.035181378614713814 0.13263654419066537 0.03576501760362831 0.084658852377244673 0.059503370584601041 1.6027773557955662 0.038161354965177939 0.026607968308863989 0.80389371453018699 0.079622138566239578 0.75562549431508463 0.17293647847350233 -0.022948186009365986 1.2161499741988677
decision_type=8 2 10 8 10 10 8 8 10 8 10 10 10 8
left_child=2 3 5 -2 9 13 -5 8 -4 -3 -6 -7 -9 -1
right_child=1 4 7 6 10 11 -8 12 -10 -11 -12 -13 -14 -15
leaf_value=-0.0016653254557639026 -0.0027979726371213107 -0.00065731037029382211 -0.0018558986456008123 -0.00047168606000118368 0.0027084633479729499 -0.001054581005288628 0.00024780434396913867 -0.00022316109852646003 -0.00021512510778601708 0.00069210941281026795 -0.00094779508761835482 0.00030718541570424459 -0.0014631784339787523 -0.0012240731599430944
leaf_weight=133.81382315605879 31.868429437745363 76.236029012827203 95.280731207691133 719.08814326673746 1208.834441756364 38.244561328552663 3366.6361460173503 49.301970708649606 639.19600599072874 480.90442314976826 66.99824532866478 58.006095510907471 194.553821018897 592.86399117205292
leaf_count=861 199 327 608 3180 4790 404 20613 474 2772 2166 307 441 1470 4087
internal_value=-0.00036631 0.00383604 -0.0142641 0.000381035 0.0115767 -0.0203104 0.00070505 -0.00913549 -0.00551251 0.00402997 0.0148431 -0.000615795 -0.0198734 -0.0228709
internal_weight=7751.83 5950.57 1801.26 4117.59 1832.97 822.928 4085.72 978.333 734.477 557.14 1275.83 96.2507 243.856 726.678
internal_count=42699 31582 11117 23992 7590 5793 23793 5324 3380 2493 5097 845 1944 4948
is_linear=0
shrinkage=0.0844352


Tree=7
num_leaves=15
num_cat=0
split_feature=22 1 26 7 10 17 17 26 11 34 17 18 32 31
split_gain=53.8669 13.596 8.67681 7.14843 6.25617 6.00443 5.91716 4.43422 4.33394 4.14556 3.82377 3.529 3.13846 1.27801
threshold=0.044713877541768254 0.13263654419066537 0.3347958169904614 0.13810565743993 0.084658852377244673 1.9128539094474868 1.5341099242122807 0.32367245769969583 0.20608302025736641 0.031791022825298672 1.11730976384587 -0.085582932047035973 0.50065963060686025 -2.5800000000000005
decision_type=10 2 8 10 8 10 10 8 8 10 10 10 10 8
left_child=2 4 3 13 -2 8 -5 11 -4 -9 -6 -3 -7 -1
right_child=1 7 5 6 10 12 -8 9 -10 -11 -12 -13 -14 -15
leaf_value=0.0016391662843239102 -0.0028421260638030852 -0.0026090436386040031 -0.0010125129431210452 -0.0011285676174819736 -0.00012718568473709993 -0.0016113268012052844 5.4784581405326365e-05 0.0026322686465804625 -0.00039877900542889321 0.00045890855993459387 0.0004689759564414343 0.00040383052801375326 0.0014333508557021573 -0.0017058048816101061
leaf_weight=4.5517811328172684 25.524188350420445 18.972514075227082 422.33042467432097 911.47798298019916 1196.125170303043 23.974236323498189 185.78087971592322 1233.8316624662839 1140.8116993501317 274.99907791055739 1919.1763330823742 186.32202324597165 105.26973649393767 102.67914795828983
leaf_count=28 159 74 3583 4500 6116 351 866 5176 7479 704 10795 820 516 1532
internal_value=-0.000405745 0.00502659 -0.00952053 -0.0150134 0.00171249 -0.00558787 -0.012919 0.0110772 -0.00704815 0.0126615 0.00206712 -0.00040928 0.0117714 -0.035953
internal_weight=7751.83 4854.95 2896.88 1204.49 3140.83 1692.39 1097.26 1714.13 1563.14 1508.83 3115.3 205.295 129.244 107.231
internal_count=42699 23844 18855 6926 17070 11929 5366 6774 11062 5880 16911 894 867 1560
is_linear=0
shrinkage=0.0844352


Tree=8
num_leaves=16
num_cat=0
split_feature=22 1 26 26 7 21 30 21 27 8 16 20 7 17 24
split_gain=48.5082 15.4826 8.36899 6.41013 5.99057 4.02447 3.9352 4.00501 3.761 3.51475 3.1953 2.96963 2.90349 2.43285 1.72678
threshold=0.035181378614713814 0.13263654419066537 0.16241295895110527 0.43561692554675741 0.2144586003834294 0.052078145909353619 20.970000000000002 0.026607968308863989 1.0434436832066469 0.31086558259716296 0.76443254878058786 0.059180506283549629 0.19070201013328344 1.4695284484241913 11.500000000000002
decision_type=8 2 8 10 10 8 10 8 10 10 10 10 10 10 2
left_child=4 2 12 11 10 -5 7 -6 -4 -8 14 -3 -2 -12 -1
right_child=1 3 8 5 6 -7 9 -9 -10 -11 13 -13 -14 -15 -16
leaf_value=-0.0014393919540491812 -0.0021698045142259431 -0.00030198766733232415 7.7600646574240291e-05 0.00066818053937662397 -5.7341728662816681e-05 0.0029712003720976632 -0.0018685267346832976 -0.00098430933642482707 0.0010270284847701233 -0.00074002969898201627 -0.00097668841703173084 0.0010566006986857293 -0.0010168342739149299 -0.0006239391170730894 -0.0020864351547659915
leaf_weight=92.351009632926434 47.549152123508975 211.82137715513818 3938.106777823763 442.09595461050048 525.54553837515414 828.86766024166718 53.916771754622459 175.85331139573827 32.056758041027933 117.36477902531624 642.02126712538302 350.18814724031836 99.880030733533204 138.14459933945909 56.06372344493866
leaf_count=842 626 1029 22654 1750 2363 3341 148 1478 68 740 4362 1470 644 1108 76
internal_value=-0.000349164 0.00332145 0.000439081 0.00977618 -0.0124908 0.0131007 -0.00739371 -0.00452154 0.00118169 -0.018908 -0.0172378 0.0021934 -0.0192619 -0.0149678 -0.0288438
internal_weight=7751.83 5950.57 4117.59 1832.97 1801.26 1270.96 872.68 701.399 3970.16 171.282 928.581 562.01 147.429 780.166 148.415
internal_count=42699 31582 23992 7590 11117 5091 4729 3841 22722 888 6388 2499 1270 5470 918
is_linear=0
shrinkage=0.0844352


Tree=9
num_leaves=15
num_cat=0
split_feature=22 22 7 0 9 7 10 26 30 1 35 9 33 18
split_gain=41.5232 10.9236 9.95954 8.14101 6.12996 5.31869 4.44797 4.376 4.24502 4.11134 2.77659 2.36702 1.84835 0.309458
threshold=0.051973195466987331 0.035181378614713814 0.1470132024365535 0.63887500000000008 0.41918438411318587 0.2144586003834294 0.44720555676345303 0.16241295895110527 20.970000000000002 0.10577935222672066 5.1750191438052306 0.46929739557595768 0.11178517859743499 -0.014161152088489335
decision_type=10 8 8 2 10 10 10 8 10 2 2 10 8 10
left_child=1 5 12 6 7 10 -4 -3 -7 -5 -1 -6 -2 -14
right_child=2 4 3 9 11 8 -8 -9 -10 -11 -12 -13 13 -15
leaf_value=-0.001093993193422521 -0.0025301261566699116 -0.001033099833352332 0.00054021612788261015 0.00031885868834551973 0.0029281401603442289 -0.0005796385714498017 -0.00067007662403763019 -0.00021366169215349942 -0.0011328427093262002 0.0021519486358004374 -0.00060570692009738654 0.00030208562047648151 -0.0014500780326191409 0.002688091958113386
leaf_weight=696.18516892613843 43.981486774049699 92.27841232996434 2172.3486183374189 264.470117487479 52.383047012612224 701.39884977089241 331.59959817444906 1665.7753273530398 171.2815507799387 1268.6223898730241 232.39543061656877 53.435018399730325 1.9165419703349469 3.7553002573549739
leaf_count=4959 302 836 11746 1345 244 3841 1391 10224 888 4993 1429 281 56 164
internal_value=-0.000276911 -0.00680583 0.00557056 0.00604157 -0.00225109 -0.0114983 0.00305511 -0.00345678 -0.00669317 0.0108947 -0.0159716 0.0173791 -0.0316947 0.00845901
internal_weight=7751.83 3665.13 4086.69 4037.04 1863.87 1801.26 2503.95 1758.05 872.68 1533.09 928.581 105.818 49.6533 5.67184
internal_count=42699 22702 19997 19475 11585 11117 13137 11060 4729 6338 6388 525 522 220
is_linear=0
shrinkage=0.0844352


Tree=10
num_leaves=16
num_cat=0
split_feature=19 22 9 16 33 22 11 33 28 27 26 15 11 26 33
split_gain=33.5223 10.8497 7.79951 6.97767 6.73197 5.72244 5.72999 5.65003 5.12763 4.70029 4.29456 4.99349 4.32683 3.18213 0.521381
threshold=0.05552328815451834 0.071440339915468817 0.17584969379410331 1.0305181925948375 0.0083530813047436609 0.1055118956649123 0.24482433041761054 0.04264307029531756 0.031500000000000021 1.0001037344398342 0.75160509915214091 1.2961254224746124 0.58442919486280531 0.23455277697038476 0.036164627253483024
decision_type=10 10 10 8 8 10 10 10 8 8 10 8 10 8 10
left_child=1 2 13 7 -4 10 8 -3 -7 -8 11 -2 -12 -1 -5
right_child=5 3 4 14 -6 6 9 -9 -10 -11 12 -13 -14 -15 -16
leaf_value=-0.0012545842779972257 -0.00030564949566305879 -0.001273358662140147 -0.0010134894327879953 0.0033903320047782765 -0.00029461366104252421 -0.0020378020637245977 0.0025386264279809966 0.0046939268113375277 0.0022178291168163675 -0.0020843507108378812 0.0013935485071616661 0.00069930499553710749 0.0023267551696721993 -0.00084226426568672784 0.0031779589664947465
leaf_weight=162.05327286641113 754.62273574760184 51.38928060233593 512.24858601111919 53.932645469903946 2680.7685882961378 59.248892816714942 820.98383061820641 52.950416639447212 30.77882939716801 19.542421955615282 344.26027990411967 1608.2393298307434 55.895800875499845 519.70660836761817 25.205338664352894
leaf_count=1626 3235 202 3592 108 12947 434 3662 208 234 49 2506 7735 218 5825 118
internal_value=-0.000251406 -0.00555225 -0.00650876 0.014425 -0.00474134 0.00556382 0.0113057 0 -0.00867316 0.0134894 0.00361609 0.00222744 0.0117183 -0.0147269 0.0332334
internal_weight=7751.83 4058.25 3874.78 183.478 3193.02 3693.57 930.554 104.34 90.0277 840.526 2763.02 2362.86 400.156 681.76 79.138
internal_count=42699 24626 23990 636 16539 18073 4379 410 668 3711 13694 10970 2724 7451 226
is_linear=0
shrinkage=0.0844352


Tree=11
num_leaves=16
num_cat=0
split_feature=19 10 21 34 27 17 10 23 9 16 26 16 26 10 35
split_gain=27.9503 9.89922 7.87856 5.99238 6.65226 5.98397 6.60314 6.55345 5.9165 7.72641 5.14948 5.26803 4.06363 3.6337 3.12998
threshold=0.05552328815451834 0.31608159481058801 0.052543473233710565 0.03115698259401856 0.26834079053329946 1.5341099242122807 0.15967978297732299 0.021808305437974993 0.29397034936792249 1.1439339684850915 0.36322102391896649 1.4273319536144407 0.25860725291726644 0.89859466256919152 5.1468256278150495
decision_type=10 10 10 8 10 10 10 8 8 8 10 10 10 10 2
left_child=1 5 3 13 -5 7 -7 -1 12 -10 14 -12 -4 -2 -3
right_child=2 10 8 4 -6 6 -8 -9 9 -11 11 -13 -14 -15 -16
leaf_value=-0.0011486532444623108 0.00047188067334337914 -0.00088183008945211792 -0.001867590153110826 -0.0016045776530878447 0.00013898521303926597 -0.00093601125803039701 0.0001660845772198293 -0.00044050270305746056 0.0011036813418139407 0.0032248170446017507 0.00087350279498772502 -0.00043075590829325344 0.00033452929697196874 -0.00241420759119563 0.0013453967955965537
leaf_weight=702.71614631963894 1279.4647825439461 390.4853036114946 67.142265546135604 134.50459271296859 148.96968669723719 102.94824853027239 487.9909651200287 1643.9760771577712 1103.1054768040776 415.95867184177041 567.08559172833338 118.20050050131977 525.29158478043973 19.135060219094157 44.851903948467225
leaf_count=4604 7048 1768 393 1062 718 722 2706 11219 4742 1226 2713 750 2802 82 144
internal_value=-0.000259386 -0.00510001 0.00505019 0.000522301 -0.0105617 -0.00767722 -2.66378e-05 -0.00958921 0.00842605 0.0112191 0.00162695 0.00620965 0.00120473 0.00297094 -0.00550972
internal_weight=7751.83 4058.25 3693.57 1582.07 283.474 2937.63 590.939 2346.69 2111.5 1519.06 1120.62 685.286 592.434 1298.6 435.337
internal_count=42699 24626 18073 8910 1780 19251 3428 15823 9163 5968 5375 3463 3195 7130 1912
is_linear=0
shrinkage=0.0844352


Tree=12
num_leaves=15
num_cat=0
split_feature=22 7 22 16 19 15 5 27 9 6 15 24 33 1
split_gain=27.2319 9.31431 7.24688 6.77574 5.40444 5.14003 5.13361 3.93983 3.62422 4.70253 3.65027 3.46329 1.98718 0.176231
threshold=0.057518622306235931 0.15209525184487924 0.035181378614713814 0.76443254878058786 0.10560087189427726 0.86006563018291393 0.19464476127565369 0.51583605114292308 0.36869615486372326 0.55293671022971058 0.9660952047469441 11.500000000000002 0.08858360589273552 0.070142650886611382
decision_type=10 8 8 10 10 8 10 10 10 8 10 2 8 2
left_child=2 12 3 11 5 -3 -6 -5 9 -4 -10 -1 -2 -14
right_child=1 4 8 7 6 -7 -8 -9 10 -11 -12 -13 13 -15
leaf_value=-0.0010428620493805468 -0.0023127479161979035 -0.001316588602599685 0.0012512405967747295 -0.00046933559333957737 0.00032522585996052917 0.00058940834265999492 0.0029142984634747374 -0.001072850183023469 -0.00043168908516094196 -0.00023518376483491098 0.0017958988806133901 -0.001755825481506712 -0.0013167880764774894 2.5688356531555762e-05
leaf_weight=125.17194259213284 42.659722511656582 138.84865225106478 31.929377418011427 1294.1266235616058 424.73230349412188 2236.4041917556897 669.24174883356318 321.96339476667345 102.96684050373733 2094.0294092979748 200.66900401748717 59.999039173126221 3.3833506633527559 5.7012572227977216
leaf_count=1152 240 662 208 7677 1816 10827 3301 2208 560 12861 825 80 160 122
internal_value=-0.000313773 0.00516705 -0.00488288 -0.00894534 0.00570748 0.00342378 0.0106312 -0.00715779 -0.00185602 -0.00309943 0.00673057 -0.0242973 -0.0300963 0.0023779
internal_weight=7751.83 3520.97 4230.86 1801.26 3469.23 2375.25 1093.97 1616.09 2429.59 2125.96 303.636 185.171 51.7443 9.08461
internal_count=42699 17128 25571 11117 16606 11489 5117 9885 14454 13069 1385 1232 522 282
is_linear=0
shrinkage=0.0844352


Tree=13
num_leaves=13
num_cat=0
split_feature=22 1 22 27 33 26 31 30 35 27 30 23
split_gain=23.2342 7.71878 6.44332 6.13967 7.60263 5.16816 4.92074 4.45082 5.61692 4.27038 3.98134 3.93743
threshold=0.057518622306235931 0.044515790772267465 0.020986501644483371 0.12258046584681044 0.020061510252349927 0.53498616727932802 3.1400000000000001 18.990000000000006 4.3755053860233701 0.1104224999458302 21.555000000000003 0.050014934289127851
decision_type=10 2 8 8 10 10 10 8 2 10 10 10
left_child=2 -2 7 4 -4 6 -3 8 -1 -9 -7 -5
right_child=1 5 3 11 -6 10 -8 9 -10 -11 -12 -13
leaf_value=-0.0010413888590656388 -0.0016934952119663481 0.00045408942901350389 -0.0012807338323392627 -0.0002196614786919955 -0.00023613030095108966 0.0016028479132403151 -0.00070328711294402645 0.00059798467269225951 0.00022892679523818247 -0.0013673313963336842 9.6976567283614317e-05 0.00051970787357141497
leaf_weight=163.7204600465484 30.405247233342379 1372.2424846882932 218.34713249257766 2705.3251309175976 525.4428153950721 1359.6282190931961 420.69715906772763 16.189683796837926 114.27592284372076 161.25420644460246 337.99811664968729 326.30027939379215
leaf_count=1855 142 7447 1698 15134 3032 7171 1044 84 997 840 1324 1931
internal_value=-0.000370259 0.00469188 -0.00459091 -0.00343361 -0.0103138 0.00507186 0.00188566 -0.0140954 -0.00723229 -0.0246034 0.00841569 -0.00173304
internal_weight=7751.83 3520.97 4230.86 3775.42 743.79 3490.57 1792.94 455.44 277.996 177.444 1697.63 3031.63
internal_count=42699 17128 25571 21795 4730 16986 8491 3776 2852 924 8495 17065
is_linear=0
shrinkage=0.0844352


Tree=14
num_leaves=15
num_cat=0
split_feature=22 7 12 12 7 26 5 26 16 35 28 9 33 30
split_gain=19.6707 8.3882 6.14792 5.63741 6.51246 4.93327 5.52999 4.45953 4.84034 4.35463 3.87932 3.75177 1.18223 0.469028
threshold=0.062538145409689716 0.15209525184487924 0.01828487847645071 0.084096617288682549 0.35541555989339429 0.65942152545555544 0.19464476127565369 0.26138278386728653 1.0327422479546662 5.8729903147782041 0.13845000000000005 0.1980903230559746 0.08858360589273552 16.885000000000002
decision_type=10 8 10 10 10 10 8 10 8 2 8 10 8 10
left_child=2 12 7 4 -4 6 -3 11 -9 -5 -7 -1 -2 -14
right_child=1 5 3 9 -6 10 -8 8 -10 -11 -12 -13 13 -15
leaf_value=-0.0011277932629175434 -0.0019641543952880753 -0.00011250025869800742 -0.00023242031804136161 -0.00078346706674661815 0.0016164652468791446 0.0018847679486190825 0.00098742745099940051 -0.0010322704016094691 6.5462126844075273e-05 0.00027090705456090579 -0.0013610023607220829 0.00045847389887143777 0.0023217230879811457 -0.00038841298689708601
leaf_weight=141.16518212645315 36.434685870073736 948.76629947917536 3214.5837802439928 670.44345693523064 285.78533724043518 806.26271968148649 1187.6793001908809 140.06940050236881 140.74453633045778 73.882886618375778 83.449682743288577 14.898423179052768 3.2035618317313483 4.4576050899922848
leaf_count=1472 194 4099 18185 3805 1008 4214 5679 1245 1844 266 334 116 138 100
internal_value=-0.000607538 0.00463911 -0.00405559 -0.00306283 -0.00163178 0.00518377 0.00296068 -0.0136088 -0.00705938 -0.00974179 0.0104795 -0.0251127 -0.0315811 0
internal_weight=7751.83 3070.25 4681.57 4244.7 3500.37 3026.16 2136.45 436.878 280.814 744.326 889.712 156.064 44.0959 7.66117
internal_count=42699 14758 27941 23264 19193 14326 9778 4677 3089 4071 4548 1588 432 238
is_linear=0
shrinkage=0.0844352


Tree=15
num_leaves=16
num_cat=0
split_feature=19 27 9 21 34 9 16 24 27 19 10 32 26 12 21
split_gain=17.954 6.78541 6.57954 5.82397 6.78824 6.63484 6.91018 5.65673 5.44737 4.0954 3.29958 3.08638 4.12949 3.07302 1.12312
threshold=0.05552328815451834 0.0099016171423423754 0.17584969379410331 0.052543473233710565 0.03115698259401856 0.31795111204461146 1.1471297576927431 9.5000000000000018 0.26834079053329946 0.059214028463800118 0.12710586532677054 0.57783641160949883 0.2176385956097269 0.039311088276868668 0.013250795647993262
decision_type=10 8 10 10 8 8 8 2 10 10 10 10 10 10 10
left_child=1 11 13 4 9 10 -7 -4 -6 -2 -5 12 -1 -3 -13
right_child=3 2 7 5 8 6 -8 -9 -10 -11 -12 14 -14 -15 -16
leaf_value=-0.0005537948327785522 0.0010493015458368886 -0.00055079476806962143 -0.00065817526780696713 -0.0013910150136881884 -0.0013993396930806119 0.0010426193983033938 0.0027537424138105544 4.9167273680530861e-06 -4.7451454203570361e-05 5.2387023676538627e-05 0.00011283755775158738 -0.00037123355578824111 0.00034260855938419109 -0.0010853579592268391 -0.0013489180449333591
leaf_weight=26.056992859113961 180.97101641260087 585.98875062493607 900.18412664067 23.369472723454237 134.50459271296859 944.82580538652837 378.68282936140895 2334.7178390603513 148.96968669723719 1117.6288263504393 764.61989150103182 27.637857579160482 18.93618971738033 75.328183248639107 89.404797187075019
leaf_count=298 1064 5801 11499 124 1062 4057 1100 5086 718 6066 3882 212 384 1118 228
internal_value=-0.000431181 -0.00431136 -0.00359526 0.00382316 -2.96701e-05 0.00672483 0.0103771 -0.00201301 -0.0118742 0.00253459 0.000545493 -0.0212528 -0.00163143 -0.0112765 -0.0284693
internal_weight=7751.83 4058.25 3896.22 3693.57 1582.07 2111.5 1323.51 3234.9 283.474 1298.6 787.989 162.036 44.9932 661.317 117.043
internal_count=42699 24626 23504 18073 8910 9163 5157 16585 1780 7130 4006 1122 682 6919 440
is_linear=0
shrinkage=0.0844352


Tree=16
num_leaves=14
num_cat=0
split_feature=21 17 27 20 1 17 7 27 7 24 20 24 0
split_gain=13.9562 7.5921 9.69145 6.26744 5.69117 5.29923 5.2175 4.43045 3.32015 3.2872 1.14149 0.493021 0.366807
threshold=0.055935236283134557 1.3654161869749699 1.0434436832066469 0.035333469816619507 0.060548048048048059 3.6204310233245289 0.14854520723742234 0.64143051884408819 0.32327588738844903 10.500000000000002 0.010481163633490944 10.500000000000002 0.69957500000000017
decision_type=10 10 10 8 2 8 10 10 10 2 8 2 2
left_child=1 2 3 -1 11 8 10 -8 -6 -7 -3 12 -2
right_child=4 6 -4 -5 5 9 7 -9 -10 -11 -12 -13 -14
leaf_value=-0.00057020962429303254 -0.0024640474510480683 0.00095132734139201738 0.00084672592195227222 -0.00012702511919920811 0.00011508564318557269 -0.0008463783165820575 0.00027785158616103954 -0.0008633054462278745 0.0013804144030590652 0.0018656289528821771 -0.0011217999436625883 -0.0015618045704417311 0.0016265597560125931
leaf_weight=1772.9957402897999 9.7238703616894764 6.0651684878393999 36.566032599657774 1972.1665406043176 789.70186690520495 16.004195649176836 1714.1289056418464 188.02848355425522 1105.6097290455364 48.503039717674255 64.483863011002541 23.422857820987701 4.4265643740072838
leaf_count=9938 144 58 60 12928 4416 184 8982 1150 3899 70 764 39 67
internal_value=-0.000347534 -0.00246232 -0.00467956 -0.00511226 0.00572749 0.00636816 0.00177156 0.00262581 0.00553138 0.0301776 -0.0206296 -0.0264119 -0.00980656
internal_weight=7751.83 5754.43 3781.73 3745.16 1997.39 1959.82 1972.71 1902.16 1895.31 64.5072 70.549 37.5733 14.1504
internal_count=42699 33880 22926 22866 8819 8569 10954 10132 8315 254 822 250 211
is_linear=0
shrinkage=0.0844352


Tree=17
num_leaves=14
num_cat=0
split_feature=22 8 22 30 16 28 34 24 9 34 35 24 8
split_gain=14.8512 9.03266 6.71503 6.10959 5.58812 4.85126 3.83552 3.62088 3.5824 3.56382 2.71791 0.710321 0.551321
threshold=0.035181378614713814 0.13988343620063318 0.078326953202246211 18.915000000000003 0.76108515778986507 -0.020850000000000004 0.037943411761758646 11.500000000000002 0.25397524880720307 0.052490723520912781 3.4488758043532237 9.5000000000000018 0.11672700996536907
decision_type=8 8 10 8 10 8 10 2 8 10 2 2 10
left_child=4 11 3 -3 7 -4 10 8 -1 -8 -6 12 -2
right_child=1 2 5 -5 6 -7 9 -9 -10 -11 -12 -13 -14
leaf_value=-0.0015278209728131742 -0.0021622307332904924 0.00015280051036482394 -0.00021863179282726125 -0.00035517591569355039 0.00020057709676542623 0.0013670381433400088 -0.0014000212660440223 -0.0013900948436686271 -3.4503012454274446e-06 0.00019152534685387796 -0.00046520992077235329 -0.00153614243332737 0.00048688157200307521
leaf_weight=49.472235747613013 5.9313745140098018 2637.2062679636292 417.10916260909289 1275.0265956323128 314.00228768121451 1571.3620747597888 48.075396109372377 59.999039173126221 71.612322102766484 21.276486333459616 1236.8232329459861 36.400659680366516 7.5297228102572262
leaf_count=448 352 13317 2132 8054 2295 7229 148 80 658 192 7296 74 424
internal_value=-0.000497871 0.00153101 0.00184029 -0.000182378 -0.00721707 0.00583531 -0.00561244 -0.0213282 -0.0124146 -0.0250701 -0.00471195 -0.0340146 -0.0127483
internal_weight=7751.83 5950.57 5900.7 3912.23 1801.26 1988.47 1620.18 181.084 121.085 69.3519 1550.83 49.8618 13.4611
internal_count=42699 31582 30732 21371 11117 9361 9931 1186 1106 340 9591 850 776
is_linear=0
shrinkage=0.0844352


Tree=18
num_leaves=16
num_cat=0
split_feature=1 17 7 19 5 27 8 5 5 32 28 35 20 35 26
split_gain=10.6349 6.64936 7.21755 6.12143 7.35962 6.0093 4.83904 4.28852 8.70497 7.19061 3.98066 3.81837 4.55802 4.26266 2.34042
threshold=0.087959976105137408 1.3014260874894528 0.1616772789177553 0.10560087189427726 0.19464476127565369 1.0434436832066469 0.78750524826199386 0.13241711361289502 0.16085293530781056 0.72097625329815318 -0.021300000000000038 5.8382694259154944 0.0090527579290953803 6.7543236330472203 0.37139169503529706
decision_type=2 10 10 10 8 8 8 10 10 10 10 2 8 2 10
left_child=1 11 14 7 6 -6 -5 9 -9 -2 -4 12 -1 -13 -3
right_child=3 2 10 4 5 -7 -8 8 -10 -11 -12 13 -14 -15 -16
leaf_value=-0.0012907269661991737 0.00022626944166131909 -0.00084020502646099064 -0.00045702960862310072 0.00024462406230793944 0.0023587052980464898 -0.0040858486840508398 -0.0019421289585959327 0.001348670064509019 1.7316720878761644e-05 -0.00078077889221726609 0.0002553156032233184 0.00098057805350213888 -0.00056007486186270211 -0.00096918990160150327 -0.00025003618067607759
leaf_weight=78.136464793235064 577.30320239486173 73.319777076598257 165.90112614631653 389.15026804432273 628.85107294330373 14.760321959853171 23.663156505674124 417.29480753652751 2229.883299875306 456.87119024293497 896.50865836907178 131.30378899397328 1543.8229229194112 35.594889109488577 89.461911152116954
leaf_count=706 3005 622 1056 1608 3073 29 70 1717 11732 1927 4784 844 10326 204 996
internal_value=-0.000479482 -0.0044035 0.000363005 0.00201013 0.00767547 0.0133194 -0.00105029 0.000374431 0.00218391 -0.00422397 0.00292852 -0.00768562 -0.00894353 0.0043303 -0.0161297
internal_weight=7751.83 3014.05 1225.19 4737.78 1056.42 643.611 412.813 3681.35 2647.18 1034.17 1062.41 1788.86 1621.96 166.899 162.782
internal_count=42699 19538 7458 23161 4780 3102 1678 18381 13449 4932 5840 12080 11032 1048 1618
is_linear=0
shrinkage=0.0844352


Tree=19
num_leaves=13
num_cat=0
split_feature=22 10 23 27 9 18 35 24 22 11 26 19
split_gain=10.8961 8.18237 5.05745 6.14888 4.86998 4.44169 4.92888 4.95382 4.34743 5.12415 3.1522 2.47769
threshold=0.035181378614713814 0.084658852377244673 0.081259440121659629 1.0434436832066469 0.68988638087055276 -0.0064549175455578247 5.8197712032645521 11.500000000000002 0.032167376002134075 0.2690000004313256 0.14365448879146323 0.04277100533816635
decision_type=8 8 10 10 10 8 2 2 10 10 10 10
left_child=5 -2 3 -3 -4 8 10 -8 9 -1 -7 -10
right_child=1 2 4 -5 -6 6 7 -9 11 -11 -12 -13
leaf_value=-0.00012984312224176571 -0.00160658427319745 -2.5768408261801996e-06 0.0011156285859667695 0.00078185997000868772 -0.0015988458363319579 -4.4306540832782387e-05 -0.00048622528008210038 0.0012266364009475411 -0.00077243774187551236 0.0013089865924765258 -0.00079397459504894471 0.0015836989701853944
leaf_weight=381.59458652837202 36.861997893545777 4567.2499198799487 1261.9014131934382 39.792608028743416 44.759918973781168 194.37534244917333 44.968019214924425 26.950302600860596 90.252741756848991 172.34468849003315 876.53045175829902 14.244867295026777
leaf_count=2562 220 24500 6614 82 166 1111 424 40 486 1014 5422 58
internal_value=-0.000394168 0.00134304 0.00159738 0.000274589 0.00623379 -0.00615008 -0.00933331 0.0117766 -0.000571537 0.00236093 -0.0107874 -0.0163584
internal_weight=7751.83 5950.57 5913.7 4607.04 1306.66 1801.26 1142.82 71.9183 658.437 553.939 1070.91 104.498
internal_count=42699 31582 31362 24582 6780 11117 6997 464 4120 3576 6533 544
is_linear=0
shrinkage=0.0844352


Tree=20
num_leaves=13
num_cat=0
split_feature=22 10 22 7 17 18 35 16 22 10 20 33
split_gain=9.79369 7.39196 5.72704 4.43949 4.40375 3.90833 4.70083 7.96149 4.32361 4.5485 3.7423 2.86812
threshold=0.035181378614713814 0.084658852377244673 0.12317197767087691 0.32025582492028853 1.2350754878819401 -0.0064549175455578247 5.8197712032645521 0.95175572903352135 0.032167376002134075 0.30997996071840561 0.010092128615846742 0.057763221001132632
decision_type=8 8 10 10 10 8 2 10 10 10 10 8
left_child=5 -2 4 -4 -3 8 10 -8 9 -1 -7 -10
right_child=1 2 3 -5 -6 6 7 -9 11 -11 -12 -13
leaf_value=-0.00011373655125396118 -0.0014709320611416552 -0.00012701418499135616 -0.00030275626324424682 0.0021994806329849919 0.00023919648413344647 -0.00096024664052001582 -0.00092377219006088023 0.0011230651510898981 -0.00070721683183121327 0.0010021186930871753 -0.00054598582158124111 6.0935099449431998e-05
leaf_weight=428.01682347804308 36.861997893545777 2682.5523245336954 152.68185864202678 418.38997646421194 2660.0797004359774 148.3486423487775 28.56590979732573 43.35241201845929 60.443193102255464 125.92245154036209 922.55715185869485 44.054415949620306
leaf_count=2914 220 15106 1029 1675 13552 1278 220 244 260 662 5255 284
internal_value=-0.000395247 0.00125149 0.00149349 0.00953009 0.000627336 -0.00585232 -0.00883874 0.0117766 -0.000615525 0.00230865 -0.0102597 -0.0163584
internal_weight=7751.83 5950.57 5913.7 571.072 5342.63 1801.26 1142.82 71.9183 658.437 553.939 1070.91 104.498
internal_count=42699 31582 31362 2704 28658 11117 6997 464 4120 3576 6533 544
is_linear=0
shrinkage=0.0844352


Tree=21
num_leaves=13
num_cat=0
split_feature=22 8 15 17 34 8 23 30 8 34 34 34
split_gain=8.19184 6.97275 5.2974 5.12143 4.24964 3.71126 3.63942 2.89921 2.63726 9.1929 6.55001 0.483885
threshold=0.044713877541768254 0.11672700996536907 1.5862185755078431 1.9128539094474868 0.03115698259401856 0.34465291561018946 0.01599717112543406 16.345000000000002 0.29340759729106497 0.032758122151732467 0.03592739166800963 -0.012535793493028134
decision_type=10 8 10 10 10 10 8 10 10 8 10 8
left_child=3 -2 4 8 -3 -4 11 -8 10 -10 -1 -5
right_child=1 2 5 6 -6 -7 7 -9 9 -11 -12 -13
leaf_value=-0.00029039038949632941 -0.0014303420529250745 6.7491307869733513e-05 0.00028296471460587298 -0.00066553115112220451 -0.00049108694814997938 0.0020137671175374122 -0.0011991704495589361 0.0014016647717023925 -0.00019094268457922449 0.0012898840675733955 -0.0010952511078841207 -0.00072921559152642253
leaf_weight=2004.3236369171645 28.269491711165756 2289.615193371661 1504.0000274283811 14.170960029587148 372.66868231259286 660.39757461007684 29.712498486042023 141.99882832542062 542.5002409494482 80.413061351515353 78.852444624528289 4.904217945411804
leaf_count=14229 290 10849 9309 158 972 2424 391 528 2773 394 308 74
internal_value=-0.000472196 0.00164317 0.00189686 -0.00402843 -0.000614306 0.00500029 0.00926296 0.0132911 -0.00497951 -0.000104709 -0.00642087 -0.0246377
internal_weight=7751.83 4854.95 4826.68 2896.88 2662.28 2164.4 190.787 171.711 2706.09 622.913 2083.18 19.0752
internal_count=42699 23844 23554 18855 11821 11733 1151 919 17704 3167 14537 232
is_linear=0
shrinkage=0.0844352


Tree=22
num_leaves=16
num_cat=0
split_feature=26 8 17 4 1 28 26 28 23 26 34 17 12 28 34
split_gain=8.56103 6.23118 6.54093 6.1601 5.56771 5.89951 5.88245 5.22785 4.4657 3.36088 3.67167 2.55926 2.78614 2.64356 0.510521
threshold=0.44037342644254202 0.14216641474146988 1.6538911956138851 0.10136224011909341 0.1091885964912281 -0.016600000000000028 0.59004041106991412 -0.0032500000000000025 0.021808305437974993 0.23095599586082891 -0.013252614868770605 0.90768308481798865 0.028232026663668589 1.0000000180025095e-35 -0.051199830533154515
decision_type=10 8 10 8 2 8 10 10 8 10 10 8 8 8 10
left_child=1 9 8 -4 11 6 -6 -7 -3 14 -11 13 -13 -2 -1
right_child=4 2 3 -5 5 7 -8 -9 -10 10 -12 12 -14 -15 -16
leaf_value=-0.00077824335977733214 6.0146545068364748e-05 -0.00054514748988670537 0.00078185985218405356 -0.00054647210963061253 0.00068717765859119891 0.0021659802094611521 -0.00098704224956875915 0.00087125836362358369 -0.00020032289624784632 7.4712395626496555e-05 -0.0011004880041718098 -0.0005369200106983854 0.0002297817691107346 -0.0011463102788569724 -0.0013016514616871237
leaf_weight=5.5688221375457934 128.59863879112527 684.56423085927963 448.33370563015342 73.831438614986837 204.53158772364259 243.68236797186546 205.21047582896426 1364.4272826365195 2579.3618353952188 35.369556053541601 22.991800077259541 334.26666480116546 1227.1889676379506 137.24429605295882 56.655187850818038
leaf_count=466 871 3514 1925 394 952 934 982 6044 12918 696 78 3759 8040 930 196
internal_value=-0.00042563 -0.00321281 -0.00259928 0.00614546 0.00239761 0.00545693 -0.00352846 0.00776738 -0.00400924 -0.0220988 -0.00672779 -0.000963311 0.000321232 -0.0086166 -0.035794
internal_weight=7751.83 3906.68 3786.09 522.165 3845.15 2017.85 409.742 1608.11 3263.93 120.585 58.3614 1827.3 1561.46 265.843 62.224
internal_count=42699 20187 18751 2319 22512 8912 1934 6978 16432 1436 774 13600 11799 1801 662
is_linear=0
shrinkage=0.0844352


Tree=23
num_leaves=14
num_cat=0
split_feature=9 21 8 30 21 10 7 22 5 28 28 22 31
split_gain=7.60756 6.42132 6.24168 6.11165 6.68581 5.90412 4.65765 4.40841 4.14232 4.41177 3.87759 2.67332 2.67115
threshold=0.29397034936792249 0.030998388299129428 0.11120575348140972 19.235000000000003 0.039155377698870224 0.45357738158726651 0.46104397842890338 0.023634242911373841 0.217627137804832 0.042749999999999989 0.10385000000000001 0.044992459858874803 3.4700000000000011
decision_type=10 10 8 10 10 10 10 8 10 10 10 10 8
left_child=2 8 10 4 -3 7 -5 -4 11 -10 -1 -2 -7
right_child=1 3 5 6 -6 12 -8 -9 9 -11 -12 -13 -14
leaf_value=-0.0013159582481477986 -8.8459694194359319e-05 0.0022555892874269543 -0.00044302581257682527 -0.000509690218615517 0.00094056860383162882 -0.0019890819266620329 0.00065413204444337788 -4.3030663494950523e-05 -0.00019240770207520929 0.0025492299329468509 0.00057974677526985972 -0.0007236170575399811 -2.6959485833964896e-05
leaf_weight=47.882785571739078 202.45149714499712 221.21404141467065 617.95815345784649 574.37442019302398 1306.5340541824698 99.196000688709319 310.56003863364458 3735.5736457610037 238.75152293406427 60.646673439070582 5.3696007430553427 295.41408093366772 35.900342965032905
leaf_count=632 1153 859 4185 2468 5481 512 996 23373 1298 294 12 1160 276
internal_value=-0.000618741 0.00252193 -0.00284571 0.00469892 0.00793438 -0.00249461 -0.000850969 -0.00194535 -0.00402327 0.00374352 -0.0314801 -0.00875919 -0.0198671
internal_weight=7751.83 3209.95 4541.88 2412.68 1527.75 4488.63 884.934 4353.53 797.264 299.398 53.2524 497.866 135.096
internal_count=42699 13709 28990 9804 6340 28346 3464 27558 3905 1592 644 2313 788
is_linear=0
shrinkage=0.0844352


Tree=24
num_leaves=16
num_cat=0
split_feature=22 12 7 26 5 18 27 17 17 18 26 26 27 8 26
split_gain=6.23689 4.4391 5.40683 4.33855 5.1575 5.5277 4.75067 4.19694 3.70263 5.16684 4.99149 3.50726 3.37561 5.41791 4.06821
threshold=0.062538145409689716 0.084096617288682549 0.35541555989339429 0.7199457818822238 0.19464476127565369 0.081663784677843645 0.99940529634969388 1.3014260874894528 1.4585689689283505 0.066979007009689187 0.36121317855085927 0.35684733638246097 0.15163524848281149 0.44314768567509721 0.94585949048102447
decision_type=10 8 10 10 8 10 8 10 10 10 10 8 10 8 10
left_child=1 2 7 4 5 -2 -6 -1 10 -10 -3 -4 13 -5 -14
right_child=3 8 11 12 6 -7 -8 -9 9 -11 -12 -13 14 -15 -16
leaf_value=-0.00030874479381248581 -0.00042203256828205458 -0.00068304335229062672 -0.00066523554220560639 0.0018799883548363929 0.00059909093260070319 0.0032110637793094083 -0.0015757279885839936 6.5202195917498171e-05 -0.00087122397647189842 0.00048014454652424844 -1.2193767843007459e-05 0.0024345517219172708 0.0019821449586457187 -0.0022665373316986983 -0.0013029926455412478
leaf_weight=2025.4999228185043 992.93672544555739 261.79453982086852 81.184965731110424 124.60312203830108 1302.0916294902563 92.326669719535857 31.614049540832639 1492.3671627021395 120.15647944388911 16.995112279430032 478.97444887110032 204.60037150932476 390.87151914928108 33.830886699259281 101.97925280360505
leaf_count=11880 4362 2410 274 796 6490 367 101 8622 540 61 3420 734 1940 62 640
internal_value=-0.00061623 -0.00255901 -0.00129895 0.00233531 0.000672752 -0.00363193 0.00420039 -0.00221449 -0.00797621 -0.0207815 -0.00554635 0.00983712 0.00845348 -0.00208592 0.011907
internal_weight=7751.83 4681.57 3803.65 3070.25 2418.97 1085.26 1333.71 3517.87 877.921 137.152 740.769 285.785 651.285 158.434 492.851
internal_count=42699 27941 21510 14758 11320 4729 6591 20502 6431 601 5830 1008 3438 858 2580
is_linear=0
shrinkage=0.0844352


Tree=25
num_leaves=15
num_cat=0
split_feature=26 8 12 8 21 10 27 26 27 30 30 35 14 24
split_gain=5.62657 4.53333 4.50616 5.37556 5.12921 3.36628 6.18794 4.41636 4.63772 4.35143 4.15973 3.19993 1.55544 0.376511
threshold=0.4632457074661081 0.11120575348140972 0.072546434126500178 0.3037326399455374 0.032949458418549647 0.36160273307002661 0.9954970023616172 0.62986549742952158 0.56557659035126551 18.915000000000003 19.170000000000005 5.3006645984190746 2.8207120283672946 11.500000000000002
decision_type=10 8 8 10 8 8 10 10 8 10 10 2 10 2
left_child=1 11 3 -3 -4 6 9 8 -7 -2 -9 -1 -13 -8
right_child=5 2 4 -5 -6 7 13 10 -10 -11 -12 12 -14 -15
leaf_value=-0.0011787761748183626 0.00018363563872250246 -0.00012647177840370888 -0.00059146141284240755 0.00072334647912788595 -0.00013110259731039501 0.00089724137366733461 0.00020531027488646228 0.0020677361895707876 -0.00050862286752176495 -0.00048142476019227658 7.6593130651761548e-05 -0.0010529181776410205 0.00055686467759873506 0.0018087686885483742
leaf_weight=38.667454123962671 1321.0208851112984 2531.6167134419084 466.47593867685646 573.65939635504037 548.82779437000863 436.46126177231781 15.25870249699801 444.22829290293157 269.18933959095739 742.53174270829186 324.629472150933 6.9630603594705445 7.141704133246094 25.155099868774414
leaf_count=478 9434 12902 2015 2112 3978 1855 136 2394 1181 4822 1238 28 96 30
internal_value=-0.000444706 -0.00255447 -0.00222877 -0.000620031 -0.00711333 0.00200656 -0.000146365 0.00509983 0.000227164 -0.000807084 0.0095254 -0.0270662 0.00520963 0.0323182
internal_weight=7751.83 4173.35 4120.58 3105.28 1015.3 3578.47 2103.97 1474.51 705.651 2063.55 768.858 52.7722 14.1048 40.4138
internal_count=42699 21609 21007 15014 5993 21090 14422 6668 3036 14256 3632 602 124 166
is_linear=0
shrinkage=0.0844352


Tree=26
num_leaves=16
num_cat=0
split_feature=9 33 27 26 26 35 26 9 10 10 7 19 35 15 33
split_gain=4.78931 5.63581 5.12577 6.77185 4.98749 4.52334 4.43831 4.91147 4.05418 3.42035 3.74801 3.28213 3.22168 2.90445 0.413765
threshold=0.32405473651706768 0.018965121738843575 0.28369377428111103 0.96645811071834575 0.62986549742952158 3.8840348842821801 0.23095599586082891 0.17226120000424777 0.4421347607546145 0.49961852463174145 0.34163549738904958 0.079993955454011612 4.1265697062613427 0.90307901376277833 0.053805233680929716
decision_type=10 8 8 8 10 2 10 10 10 10 8 10 2 10 8
left_child=5 2 3 -2 8 9 7 -7 -3 10 -1 -4 -8 -6 -11
right_child=1 4 11 -5 13 6 12 -9 -10 14 -12 -13 -14 -15 -16
leaf_value=-0.00043722709854057565 -0.00079817413851744092 0.00084241713069704253 -0.00024414266483796472 0.004177454535278991 -0.00032029463153269419 -0.00074418637214814952 0.0010805015201302574 -0.00014989208044346859 -0.00031933597005625285 -0.0021421127880743144 0.00029637043009851828 0.0013074327530439029 -7.4223140646863936e-07 0.0026106027078181535 -0.0021081222094799881
leaf_weight=1447.6553627951071 328.60938236955553 512.19907261058688 414.54040971398354 28.55795669183135 36.22472314722836 125.3980768553447 322.851518135285 312.67122211167589 396.31220058351755 20.79478551633656 154.80086360429414 293.8092776434496 2913.0312787317671 423.40151542983949 20.969212123192847
leaf_count=8901 940 2416 2353 60 122 1341 2153 1517 1372 72 1420 1238 16668 1900 226
internal_value=-0.000436255 0.00266025 -0.00191978 -0.010175 0.00625068 -0.0018596 -0.000202674 -0.0081802 0.00257611 -0.00554047 -0.00488786 0.002201 0.000868367 0.0134297 -0.0293906
internal_weight=7751.83 2433.65 1065.52 357.167 1368.14 5318.17 3673.95 438.069 908.511 1644.22 1602.46 708.35 3235.88 459.626 41.764
internal_count=42699 10401 4591 1000 5810 32298 21679 2858 3788 10619 10321 3591 18821 2022 298
is_linear=0
shrinkage=0.0844352


Tree=27
num_leaves=12
num_cat=0
split_feature=8 21 17 24 31 32 18 27 28 39 16
split_gain=4.60885 4.47713 4.97088 4.64086 4.6073 8.07607 5.42351 3.49439 3.12785 1.11 0.0921826
threshold=0.11120575348140972 0.045021775425895784 1.4170190644922886 11.500000000000002 5.8649999999999993 0.95052770448548818 0.049083177557953224 1.0434436832066469 0.10385000000000001 3.5000000000000004 1.3303008512696872
decision_type=8 10 10 2 8 10 10 10 10 2 10
left_child=8 2 7 -4 5 -3 -6 -2 9 10 -1
right_child=1 4 3 -5 6 -7 -8 -9 -10 -11 -12
leaf_value=-0.0011387801158240481 -0.00024717405450521275 0.00022610027703351681 -4.685652835788081e-05 0.00044210985717650213 0.001317373440887383 -0.0012986310061344057 -0.0036901178027791037 0.00047529592025571607 0.00050990838575746102 0.00014030617365701689 -0.0010164105102539406
leaf_weight=36.892426024191082 3439.4709595080931 2541.9035167219117 960.43810048187152 453.66935288906097 202.97758578695357 44.007703065872192 26.014121681451797 29.873941373080015 5.3696007430553427 5.5845473036169997 5.6250024838373056
leaf_count=210 21180 11741 7510 666 724 52 124 54 12 14 412
internal_value=-0.000377771 -0.00020092 -0.00175077 0.00245434 0.0024759 0.00144358 0.0139564 -0.00347442 -0.0249524 -0.0321475 -0.0367559
internal_weight=7751.83 7698.36 4883.45 1414.11 2814.9 2585.91 228.992 3469.34 53.4716 48.102 42.5174
internal_count=42699 42051 29410 8176 12641 11793 848 21234 648 636 622
is_linear=0
shrinkage=0.0844352


Tree=28
num_leaves=14
num_cat=0
split_feature=5 17 21 14 9 19 10 0 1 35 10 35 25
split_gain=3.96654 4.67273 4.27401 3.57283 4.4616 3.21421 3.21482 2.76212 2.45506 2.22349 2.20014 1.59417 0.257141
threshold=0.11852076178714276 0.66161868989438333 0.004853560986768618 1.1523761660570242 0.41918438411318587 0.0067057591073921069 0.31608159481058801 0.57907500000000012 0.050864841413432782 4.2910754998203471 0.26468582105194488 2.034704793465465 0.4549909638883462
decision_type=10 8 10 8 10 8 10 2 2 2 10 2 8
left_child=1 7 9 8 -5 -3 -7 12 -4 11 -11 -2 -1
right_child=2 5 3 4 -6 6 -8 -9 -10 10 -12 -13 -14
leaf_value=-0.001617665496178579 0.0056003716867651758 0.00087084677259977581 -0.0011369368934267246 4.1137069716763683e-05 0.0013845672313436126 -0.00034672101257330967 9.6226165135392173e-05 -0.000197065708745089 -0.00029566499762078249 0.0012280133615001011 -8.6808433559336341e-05 -0.0012009613047338668 -0.00085520560242884514
leaf_weight=38.93116906657815 3.1091443388722828 14.593758523464201 23.866447975859046 4785.4489532196894 652.30303900875151 1041.4562800191343 675.99631237704307 26.045357166789472 376.52324212063104 21.570875744102526 10.014341007452456 67.243462163954973 14.724475330673156
leaf_count=136 62 554 106 24812 2538 6239 2765 109 2028 1302 256 1666 126
internal_value=-0.000506934 -0.00396686 0.000543076 0.000848495 0.00142057 -0.00302089 -0.00337921 -0.0239426 -0.00682926 -0.0165321 0.00109965 -0.0248585 -0.0348083
internal_weight=7751.83 1811.75 5940.08 5838.14 5437.75 1732.05 1717.45 79.701 400.39 101.938 31.5852 70.3526 53.6556
internal_count=42699 9929 32770 29484 27350 9558 9004 371 2134 3286 1558 1728 262
is_linear=0
shrinkage=0.0844352


Tree=29
num_leaves=14
num_cat=0
split_feature=17 22 16 24 18 16 9 19 19 5 36 33 33
split_gain=4.44972 3.58932 3.92591 4.14992 3.50385 2.92743 2.81253 2.2779 2.39974 3.19354 1.84529 1.25296 0.102919
threshold=0.60178147969007834 0.023634242911373841 1.5049042854533188 11.500000000000002 -0.00034295191521477303 1.1046666407988164 0.22779049606492183 0.051997441356803821 0.045102071587509764 0.32862038782669611 1.0000000180025095e-35 0.0030308381064733107 0.038149377958313975
decision_type=8 8 10 2 8 8 10 8 10 10 2 10 10
left_child=7 4 3 -3 6 -6 -2 8 9 -1 -4 -9 -13
right_child=1 2 10 -5 5 -7 -8 11 -10 -11 -12 12 -14
leaf_value=-0.0012644377132695029 -0.00025524717283269147 -5.7395828318482369e-05 -0.00083459226174555058 0.00027179503943004644 -0.00023058794463515491 -0.0006638327421310253 0.00069135440380179943 -0.00076677011714464062 0.0014542842753002658 0.00031858894000809818 -4.3806653837183513e-05 -0.0022908733253215762 -0.001978646520280636
leaf_weight=34.255229864269495 198.32468386041 4473.8523444437888 92.566622013691813 2314.7072853967547 248.12341566756368 150.56595446215943 64.253091951832175 10.92278877366334 14.18048107717186 26.981506489217281 78.312996475491673 29.967480875551701 14.812976711429654
leaf_count=170 1640 31551 1148 3319 1674 991 519 114 51 108 1216 56 142
internal_value=-0.000493246 -0.000222898 0.000337648 0.000660914 -0.00616739 -0.0111586 0.00129326 -0.0158847 -0.00568855 -0.0133019 -0.0122708 -0.0289011 -0.0351189
internal_weight=7751.83 7620.71 6959.44 6788.56 661.267 398.689 262.578 131.12 75.4172 61.2367 170.88 55.7032 44.7805
internal_count=42699 42058 37234 34870 4824 2665 2159 641 329 278 2364 312 198
is_linear=0
shrinkage=0.0844352


Tree=30
num_leaves=14
num_cat=0
split_feature=17 9 32 26 28 35 7 10 31 6 20 26 8
split_gain=3.90093 3.27439 5.30035 6.65529 4.33519 4.26062 4.03584 3.45051 2.94456 2.33346 1.95822 1.69403 1.16932
threshold=0.60178147969007834 0.29397034936792249 0.79221635883905017 0.6375269672536189 0.010149999999999994 3.6172491701467462 0.17221856972054114 0.27823159359553212 0.055000000000001499 0.71049805179777048 0.044486261857009109 0.39448040920926697 0.40235536433901303
decision_type=8 10 10 8 10 2 8 10 10 10 10 8 10
left_child=8 5 3 -3 -4 6 -2 -7 10 11 -1 -10 -12
right_child=1 2 4 -5 -6 7 -8 -9 9 -11 12 -13 -14
leaf_value=0.0013150377878484352 -0.00070003818180586729 0.00022749347182702192 0.00019322174069786297 0.0017372399451216684 -0.00066345923467709615 4.4817837447654545e-05 -0.00042988474113208003 -0.00034371697773099967 -0.0016470660159478344 0.00029168882952550391 -0.002421201083058737 -0.0017176893532919149 0.0013345852806647268
leaf_weight=19.874907298013568 110.16372793773189 1325.2804768858477 715.93035260122269 569.50961684109643 516.09427225915715 2628.1621790172067 834.25342068634927 921.31234804308042 43.567315904423594 15.435597520321606 9.3579709613695758 34.168883798643947 8.7157883085310441
leaf_count=101 905 5519 3276 2751 1794 17373 5784 4656 138 56 74 202 70
internal_value=-0.000517761 -0.000264331 0.00182856 0.00463727 -0.00246441 -0.00172795 -0.00676839 -0.000376633 -0.01493 -0.0230228 0.00412852 -0.0290129 -0.0146677
internal_weight=7751.83 7620.71 3126.81 1894.79 1232.02 4493.89 944.417 3549.47 131.12 93.1718 37.9487 77.7362 18.0738
internal_count=42699 42058 13340 8270 5070 28718 6689 22029 641 396 245 340 144
is_linear=0
shrinkage=0.0844352


Tree=31
num_leaves=15
num_cat=0
split_feature=17 14 5 26 16 17 26 7 22 11 33 33 8 33
split_gain=3.98049 3.44055 3.78957 4.07848 3.62654 3.45272 3.96494 1.98336 1.90112 2.03729 1.49251 1.4448 0.955494 0.954135
threshold=0.60178147969007834 1.5090655757677169 0.56531689048708211 0.25567473245364469 1.1046666407988164 1.2721965165271705 0.84645435310328943 0.15345035853066533 0.048975175010658824 0.88539387671686887 0.039550664617338145 0.012569200100554625 0.30187552086266917 0.10293187436052688
decision_type=8 8 10 10 10 10 10 10 8 10 10 10 10 8
left_child=8 5 3 -3 -4 6 -2 -7 10 11 12 -10 -1 -12
right_child=1 2 4 -5 -6 7 -8 -9 9 -11 13 -13 -14 -15
leaf_value=-0.00024396414981336207 -0.00035691509617335695 -0.00019812139248000379 9.1011816290917822e-05 0.0002804898332952854 -0.0009245213997045315 -0.00024020792067894632 0.00073687752370680084 6.1735772258592419e-05 -0.00089785283645486228 0.0002921802645722883 -0.001233546889753316 -0.0020501447391915771 0.0012040023520890836 -0.001289058546514952
leaf_weight=18.230437243357301 1698.001863647718 777.99475909187458 333.23841750761494 3240.5206412165426 229.43111503776163 34.322468146216124 51.522873346693814 1255.6742562772706 13.553934482857583 11.367613565176724 12.383996801450847 44.866061438806355 21.172293096780777 9.5461271628737467
leaf_count=40 8593 4961 2071 19102 873 402 374 5682 110 68 68 188 99 68
internal_value=-0.000389395 -0.000133488 0.0013232 0.00223778 -0.00514551 -0.00233973 -0.00478591 0.00095289 -0.0149456 -0.0245043 -0.00340758 -0.0309191 0.00577747 -0.0211036
internal_weight=7751.83 7620.71 4581.18 4018.52 562.67 3039.52 1749.52 1290 131.12 69.7876 61.3329 58.42 39.4027 21.9301
internal_count=42699 42058 27007 24063 2944 15051 8967 6084 641 366 275 298 139 136
is_linear=0
shrinkage=0.0844352


Tree=32
num_leaves=15
num_cat=0
split_feature=15 8 35 34 7 17 20 39 34 23 9 7 24 5
split_gain=3.7168 3.84453 3.40805 3.7809 3.14147 5.43029 4.56014 4.35603 4.21249 3.03459 2.7582 2.15923 0.482442 0.318977
threshold=1.0117223648103078 0.19130005668817682 5.6771474828596284 -0.012729559403204192 0.34163549738904958 0.93254216175038851 0.19588079237745962 1.5000000000000002 0.03115698259401856 0.057776897938862488 0.50218441986886109 0.50256368511234395 11.500000000000002 0.16085293530781056
decision_type=8 10 2 10 10 8 8 2 10 8 10 10 2 10
left_child=1 12 11 -4 5 9 7 -6 -7 -2 -8 -3 13 -1
right_child=4 2 3 -5 6 8 10 -9 -10 -11 -12 -13 -14 -15
leaf_value=-0.0010828012145114435 -0.00068290405080818147 -0.00067994326528812092 0.00095616903528047872 -4.6112245961095886e-05 0.0021424773171366128 5.5881690704192052e-05 0.001252595862104207 0.00015700160443129902 -0.00067619233204177086 0.0001477299968145012 -0.0012965000198335869 0.0002256315644194958 -0.00045128139979344465 -0.00076486832251667183
leaf_weight=5.9782714541070145 666.2358181886375 636.23428467335179 55.34143450576812 66.387953143566847 417.44033946888521 3907.9290861010086 16.002385221421719 1268.8831206541508 295.63844514638186 201.12556805927306 34.967099379748106 148.11196093121544 24.084398508071899 7.4666926274076104
leaf_count=130 3610 3325 187 292 1813 25707 180 4107 1060 1336 100 696 35 121
internal_value=-0.000403001 -0.00536929 -0.00421929 0.00878395 0.000280859 -0.000775504 0.0033825 0.00415381 0.000472536 -0.00685836 -0.0212548 -0.0062845 -0.0317798 -0.0138549
internal_weight=7751.83 943.605 906.076 121.729 6808.22 5070.93 1737.29 1686.32 4203.57 867.361 50.9695 784.346 37.5294 13.445
internal_count=42699 4786 4500 479 37913 31713 6200 5920 26767 4946 280 4021 286 251
is_linear=0
shrinkage=0.0844352


Tree=33
num_leaves=13
num_cat=0
split_feature=14 21 20 16 8 2 15 27 1 18 27 27
split_gain=3.60853 3.31381 2.93317 2.907 3.30201 2.66015 2.60295 4.14815 3.05455 2.20224 2.29558 0.753717
threshold=1.5090655757677169 0.004853560986768618 0.19588079237745962 1.5049042854533188 0.4810477366725045 0.14560727068908977 1.4204373816151674 0.18575080298973271 0.14763305322128853 -0.0633725579584105 0.10876847537848777 0.53530451467250506
decision_type=8 10 10 10 10 2 10 8 2 10 8 8
left_child=2 9 6 4 -3 -5 7 -1 -8 11 -11 -2
right_child=1 3 -4 5 -6 -7 8 -9 -10 10 -12 -13
leaf_value=-0.00073230284990745897 0.0051195068384074323 6.1803239097175318e-05 -0.0025744715043947036 4.7542514231423712e-05 0.0012114168938036751 -0.0015143815384807394 -3.0848411806442916e-05 -8.3770165426575276e-05 0.0031750564114619551 0.0003713156641493212 -0.0006928517102249075 -0.0023726805268191706
leaf_weight=437.01219319412485 9.0537722664885205 4090.5837063253857 17.837202914059162 34.673096518497914 360.17794119846076 55.100645652040839 616.64702882431448 1943.4101538402028 104.90771927405149 11.532746922690423 68.778571089264005 2.1120800434146068
leaf_count=1938 1856 20903 94 174 1154 230 3446 9479 445 1130 1718 132
internal_value=-0.000377469 0.00111259 -0.00260016 0.0014406 0.00175134 -0.0135119 -0.00238881 -0.00374013 0.00202284 -0.0147158 -0.0198046 0.018242
internal_weight=7751.83 4632.01 3119.81 4540.54 4450.76 89.7737 3101.98 2380.42 721.555 91.4772 80.3113 11.1659
internal_count=42699 27297 15402 22461 22057 404 15308 11417 3891 4836 2848 1988
is_linear=0
shrinkage=0.0844352


Tree=34
num_leaves=12
num_cat=0
split_feature=11 15 8 23 12 22 16 5 8 0 33
split_gain=3.33901 3.46739 3.96022 3.02762 3.44165 3.09546 2.94613 2.05072 1.59067 0.580797 0.254944
threshold=0.099398860158780203 1.0117223648103078 0.19130005668817682 0.17603385398416552 0.055144467383360256 0.12317197767087691 0.83242003464511882 0.25665992975725244 0.8621839953717747 0.25050000000000006 0.036164627253483024
decision_type=8 8 10 10 8 10 10 10 10 2 10
left_child=6 2 10 5 -5 -3 -1 9 -4 -8 -2
right_child=1 3 8 4 -6 -7 7 -9 -10 -11 -12
leaf_value=-0.0010721469618809843 -0.00040610423131440829 7.4136830620359045e-06 -0.00013297179788465566 0.0032376129762625755 -0.0024449524117842155 0.0012304883382301408 0.00040302755643794572 -0.00067750553145857204 -0.00019838815181642759 -0.00094559425339947481 -0.00098430156475785412
leaf_weight=30.238959345966578 27.521993552800268 6226.2088689424563 879.886086281389 10.592447212897239 33.119281448889524 488.26908197999001 9.0766176902689057 7.5805989354848853 26.189546972513199 3.1446287501603356 9.9987469501793367
leaf_count=174 114 34768 4404 131 224 2144 160 92 96 222 170
internal_value=-0.000337129 -0.00019072 -0.00498672 0.000474388 -0.021508 0.000624263 -0.0219575 0.00184097 -0.00382124 0.024332 -0.0317775
internal_weight=7751.83 7701.79 943.596 6758.19 43.7117 6714.48 50.0408 19.8018 906.076 12.2212 37.5207
internal_count=42699 42051 4784 37267 355 36912 648 474 4500 382 284
is_linear=0
shrinkage=0.0844352


Tree=35
num_leaves=15
num_cat=0
split_feature=34 33 9 28 16 7 26 12 34 31 31 34 26 28
split_gain=3.77498 5.15755 4.77811 4.99094 4.34029 4.40974 7.70023 4.15436 3.90422 1.75815 1.87301 1.64017 1.5768 0.675588
threshold=0.03115698259401856 -0.051198902061537092 0.50218441986886109 0.01254999999999998 1.5049042854533188 0.51084105864069207 0.37660199551624202 0.090996092468815307 0.047748857073316782 0.47000000000000069 1.9350000000000007 0.068340077517959688 0.66905070332336158 -0.04819999999999993
decision_type=10 10 10 10 10 10 10 10 10 10 10 10 8 8
left_child=4 8 3 -3 5 7 -7 -1 -2 13 -11 -10 -4 -6
right_child=1 2 12 -5 9 6 -8 -9 11 10 -12 -13 -14 -15
leaf_value=5.3551959802717667e-05 0.004364099576949854 6.8505249187203568e-05 -0.0014294921218827175 -0.00071192640125723532 -0.0030921244622306989 -0.0031928488396617449 0.0012473355771554198 -0.00031683153420653459 -0.00023878804572013775 -0.0023094417279722595 -0.00066042776302644064 0.00047639387739950464 -0.0021462237751566659 0.0015867449064617416
leaf_weight=5391.5926695882808 49.384999513626099 422.91373496502638 38.351202078163624 340.03024177439511 3.0969235976226628 49.476865281350911 312.03150633070618 924.60147417336702 10.829451173543928 28.348818145226687 84.700176895596087 45.793212696909904 36.645613521337509 14.029968327842655
leaf_count=31150 60 1104 70 974 278 229 928 4706 38 146 410 358 58 2190
internal_value=-0.000233898 -0.00523892 -0.00748447 -0.00541989 0.000455605 0.000758566 0.00982271 0.00023369 0.0121451 -0.0147672 -0.0186764 -0.00247697 -0.0278474 0.00893549
internal_weight=7751.83 943.948 837.941 762.944 6807.88 6677.7 361.508 6316.19 106.008 130.176 113.049 56.6227 74.9968 17.1269
internal_count=42699 2662 2206 2078 40037 37013 1157 35856 456 3024 556 396 128 2468
is_linear=0
shrinkage=0.0844352


Tree=36
num_leaves=15
num_cat=0
split_feature=17 30 18 20 26 17 9 26 20 4 27 16 7 12
split_gain=3.38809 2.99914 6.32396 4.40236 4.34783 4.09796 3.94528 3.15455 2.26104 1.77264 3.22598 1.52942 1.50784 0.730504
threshold=0.60178147969007834 18.855000000000004 0.010267713530770163 0.018566875284848131 0.23095599586082891 1.5936994077948874 0.37967705570002636 0.22101020079673542 0.043611173158259332 0.051619350777912812 0.76443942075121429 0.79890252034800346 0.31647263151587496 0.053851343741341366
decision_type=8 10 10 10 10 10 8 10 8 8 10 10 10 10
left_child=8 4 3 -3 7 -4 -6 -2 9 10 -1 12 -10 -11
right_child=1 2 5 -5 6 -7 -8 -9 11 13 -12 -13 -14 -15
leaf_value=-0.0010789825051911442 -0.00013800342354433937 -0.00070408796004115654 -0.00054909316057675335 0.00015804150908855849 5.3730225763787706e-05 0.00027550816439495988 0.00092792916290180649 -0.0011227141159166237 -0.00020450782817063159 6.6906019810945174e-05 0.0010910112588630755 -0.001927429284857804 0.00030331108132735041 0.00055438835534764785
leaf_weight=24.429933084174991 879.82541762781329 154.43637391692027 822.80111791659147 1363.4960367367603 3378.143223838415 127.57436552923173 821.93923165462911 72.490627051331103 10.0544719574973 12.593800174072387 20.330763623118401 39.949086520820856 11.795636236667631 11.966772194951771
leaf_count=98 5713 944 3652 6230 20093 602 4434 390 78 48 83 204 56 74
internal_value=-0.000223968 3.74315e-06 -0.00241164 0.00095099 0.00116741 -0.00781448 0.00234033 -0.00396917 -0.0136513 -0.00259539 -0.0129422 -0.0253836 -0.00536874 0.0148098
internal_weight=7751.83 7620.71 2468.31 1517.93 5152.4 950.375 4200.08 952.316 131.12 69.3213 44.7607 61.7992 21.8501 24.5606
internal_count=42699 42058 11428 7174 30630 4254 24527 6103 641 303 181 338 134 122
is_linear=0
shrinkage=0.0844352


Tree=37
num_leaves=15
num_cat=0
split_feature=24 18 28 35 20 35 21 38 9 18 27 27 28 24
split_gain=2.69224 6.45677 9.53873 7.89595 5.95847 5.25331 5.13677 4.41257 3.64236 3.47957 3.38317 7.70756 4.03972 3.28444
threshold=11.500000000000002 -0.0015552099533436279 -0.023799999999999998 5.8729903147782041 0.03353220099458102 6.2237557027091901 0.037435687277077544 4.5000000000000009 0.31639124119136181 0.024279917690089751 0.37470094590014863 0.56557659035126551 0.040250000000000015 10.500000000000002
decision_type=2 8 8 2 10 2 10 2 10 10 10 10 10 2
left_child=7 5 4 -4 -3 6 -2 10 9 -9 12 -12 -1 -10
right_child=1 2 3 -5 -6 -7 -8 8 13 -11 11 -13 -14 -15
leaf_value=-0.00098760435142197724 0.00057477202085624596 4.9376735727393752e-05 -3.2976453613596417e-05 0.0012460004599867522 -0.0016718395129462469 -0.00057620426395590247 0.00016737565476944585 -0.00019187346372289912 0.00014665749768951941 0.00045948581778012675 0.0010692020065956752 -0.00052498879260650712 0.00023108086424872704 0.0019258942055627641
leaf_weight=729.48444480216131 492.43255817703903 64.603969214484096 1244.7730404958129 95.27336323261261 146.6067838743329 42.433375120162964 573.02810598537326 1952.2547678356059 728.55751793319359 479.79499609628692 256.78351755533367 455.31716411723755 165.30163797270507 325.18161565065384
leaf_count=7266 714 94 1795 142 203 64 820 14178 5566 3847 2312 3476 1424 798
internal_value=-9.17087e-05 0.00208101 -0.00141748 0.0011906 -0.0180788 0.00700756 0.00819418 -0.0012328 0.00044613 -0.00133999 -0.00489429 -0.000500769 -0.00835128 0.00459835
internal_weight=7751.83 2659.15 1551.26 1340.05 211.211 1107.89 1065.46 5092.68 3485.79 2432.05 1606.89 712.101 894.786 1053.74
internal_count=42699 3832 2234 1937 297 1598 1534 38867 24389 18025 14478 5788 8690 6364
is_linear=0
shrinkage=0.0844352


Tree=38
num_leaves=14
num_cat=0
split_feature=1 10 35 1 30 5 11 7 16 16 18 16 7
split_gain=3.33399 2.71457 4.91928 3.51125 3.09195 2.85344 5.68312 4.05337 2.36931 2.84193 2.69917 2.12839 0.625259
threshold=0.062216880341880353 0.79029795671866976 2.8213787092549869 0.10528260869565219 19.725000000000005 0.21325146993379343 0.44209186461799987 0.17221856972054114 0.65412803349093562 1.0891625833148801 0.026897795725145172 0.88547977404603206 0.11415769753946489
decision_type=2 10 2 2 10 10 8 8 8 10 10 8 10
left_child=8 5 4 -4 -3 6 -2 -7 12 11 -11 -10 -1
right_child=1 2 3 -5 -6 7 -8 -9 9 10 -12 -13 -14
leaf_value=-0.0009284164835559591 3.7211157272572366e-05 -0.0038674942173941933 -0.00082820432568328072 0.0017717895643809575 0.0072124858527702384 -0.00039173410557562732 -0.00048278430261069962 0.00030802822403166254 -0.00054855360805196297 -0.00012839305830526126 -0.00062755628791457297 0.00012320556282981017 -0.00082579783216584976
leaf_weight=19.622026938945055 2748.2969722840935 29.333815929014236 23.605899483896792 121.33849951531738 14.388985141180454 154.79877306241542 917.14067502669059 2692.004974697018 233.05986938299611 230.05316950799897 96.772837731987238 457.62482445803471 13.785534903407095
leaf_count=99 13927 136 118 387 82 1396 4515 14736 1785 1559 445 3430 84
internal_value=-0.00010786 0.000581346 0.010555 0.0181282 -0.0137131 0.000286407 -0.00126532 0.00229581 -0.00453175 -0.00375902 -0.0102454 -0.000635864 -0.0266288
internal_weight=7751.83 6700.91 188.667 144.944 43.7228 6512.24 3665.44 2846.8 1050.92 1017.51 326.826 690.685 33.4076
internal_count=42699 35297 723 505 218 34574 18442 16132 7402 7219 2004 5215 183
is_linear=0
shrinkage=0.0844352


Tree=39
num_leaves=12
num_cat=0
split_feature=23 22 22 28 12 5 20 22 12 10 24
split_gain=3.15552 4.09666 4.41377 3.55667 3.49702 3.4128 2.92205 3.60771 2.85498 0.475784 0.0890225
threshold=0.17603385398416552 0.099135088443470756 0.096172201191897747 0.01939999999999999 0.058524703026024333 0.54871091415209083 0.16096780984143194 0.12317197767087691 0.11211066248457199 0.37536410394294423 8.5000000000000018
decision_type=10 10 10 8 8 8 10 10 8 10 2
left_child=1 2 5 -4 9 -1 8 -8 -3 -2 -6
right_child=4 6 3 -5 10 -7 7 -9 -10 -11 -12
leaf_value=8.8733771062463996e-06 -0.005373607571336262 0.0012090360917525699 -0.0025188812835287475 0.00071435986219972039 -0.0022719033562302419 -0.00043296003797982922 -0.0015813118661223773 0.0002225786625040263 -0.00012652555002407864 0.0097527969143970678 -0.001227159478773111
leaf_weight=5819.0527243667748 4.6345165595412237 673.91102699609473 58.285776734352112 32.586780244484544 9.2878666869364661 705.83536225464195 37.000925682485104 135.55964635405689 244.20560187939554 5.9957910422235727 25.470839262008667
leaf_count=33390 88 3468 276 190 206 3496 104 506 878 55 42
internal_value=-0.000114983 1.22938e-05 -0.000773962 -0.0192048 -0.022172 -0.000510525 0.00480969 -0.00515032 0.00671974 0.0174917 -0.035326
internal_weight=7751.83 7706.44 6615.76 90.8726 45.389 6524.89 1090.68 172.561 918.117 10.6303 34.7587
internal_count=42699 42308 37352 466 391 36886 4956 610 4346 143 248
is_linear=0
shrinkage=0.0844352


Tree=40
num_leaves=13
num_cat=0
split_feature=10 18 34 33 21 22 12 25 35 34 16 16
split_gain=2.8689 3.81092 2.7234 6.97167 4.40915 3.35477 4.48234 3.13837 2.59727 2.35792 0.124169 0.374153
threshold=0.084658852377244673 -0.0022536836382593957 0.03115698259401856 -0.051198902061537092 0.0081272068459199449 0.062538145409689716 0.084096617288682549 0.89890812718422908 4.3755053860233701 0.047748857073316782 0.63332378019710156 0.83242003464511882
decision_type=8 10 10 10 10 8 8 10 2 10 10 10
left_child=1 8 5 9 -5 6 -2 -7 -1 -4 -3 -12
right_child=2 10 3 4 -6 7 -8 -9 -10 -11 11 -13
leaf_value=-0.00063267122840577987 2.1275562884013653e-05 -0.00085572443326470534 0.0039811650543326868 -0.00063176213859671637 -0.00041108728270005979 0.00054058528544835484 -0.00032306206293163868 -0.00010958204239635404 0.0003569764867883966 4.5243521533757479e-05 -0.00072366450466035273 -0.00050270225255555584
leaf_weight=7.9696643864735988 3373.399183975067 23.628809371963143 49.384999513626099 43.536359403282404 786.89401520602405 1798.6938076002989 771.46400363836437 805.57353349169716 12.587767855264245 56.622663870453835 6.938936052843931 15.133113697636871
leaf_count=66 19986 110 60 110 2070 10090 4203 5304 90 396 46 168
internal_value=-0.000191208 -0.0176099 -3.54207e-05 -0.00430502 -0.00693796 0.000552404 -0.00093371 0.00293003 0.0112084 0.0159359 -0.0312656 -0.0212857
internal_weight=7751.83 66.2583 7685.57 936.438 830.43 6749.13 4144.86 2604.27 20.5574 106.008 45.7009 22.072
internal_count=42699 480 42219 2636 2180 39583 24189 15394 156 456 324 214
is_linear=0
shrinkage=0.0844352


end of trees

feature_importances:
iv_rank=42
hist_move_avg_8q=40
volume_ratio_20d=30
parkinson_rv_10d=28
hv_rank=27
parkinson_rv_60d=25
parkinson_rv_20d=24
cc_rv_10d=23
rv_term_ratio=23
tlt_spy_ratio_30d=23
log_spot=22
iv_mom_week=20
spy_drift_60d=20
drift_5d=19
straddle_pct=18
hist_move_std_4q=18
hist_move_avg_4q=17
iv_crush_pct=16
hist_move_med_8q=16
hist_event_count=15
vol_of_vol_20d=14
hist_move_med_4q=14
vix_current=12
iv_cc_rv_ratio_20d=10
cc_rv_20d=9
vix_change_30d=7
atm_iv=6
vix_pct_252d=5
iv_rv_ratio_60d=4
event_vol_fraction=3
hist_straddle_accuracy=3
event_move_implied=2
earnings_dow=2
em_iv_pct=1
timing_bmo=1
earnings_month=1

parameters:
[boosting: gbdt]
[objective: quantile]
[metric: quantile]
[tree_learner: serial]
[device_type: cpu]
[data_sample_strategy: bagging]
[data: ]
[valid: ]
[num_iterations: 1500]
[learning_rate: 0.0844352]
[num_leaves: 31]
[num_threads: 8]
[seed: 42]
[deterministic: 0]
[force_col_wise: 0]
[force_row_wise: 0]
[histogram_pool_size: -1]
[max_depth: 4]
[min_data_in_leaf: 59]
[min_sum_hessian_in_leaf: 0.001]
[bagging_fraction: 0.863516]
[pos_bagging_fraction: 1]
[neg_bagging_fraction: 1]
[bagging_freq: 0]
[bagging_seed: 400]
[bagging_by_query: 0]
[feature_fraction: 0.731713]
[feature_fraction_bynode: 1]
[feature_fraction_seed: 30056]
[extra_trees: 0]
[extra_seed: 12879]
[early_stopping_round: 0]
[early_stopping_min_delta: 0]
[first_metric_only: 0]
[max_delta_step: 0]
[lambda_l1: 0.39161]
[lambda_l2: 0.579482]
[linear_lambda: 0]
[min_gain_to_split: 0]
[drop_rate: 0.1]
[max_drop: 50]
[skip_drop: 0.5]
[xgboost_dart_mode: 0]
[uniform_drop: 0]
[drop_seed: 17869]
[top_rate: 0.2]
[other_rate: 0.1]
[min_data_per_group: 100]
[max_cat_threshold: 32]
[cat_l2: 10]
[cat_smooth: 10]
[max_cat_to_onehot: 4]
[top_k: 20]
[monotone_constraints: ]
[monotone_constraints_method: basic]
[monotone_penalty: 0]
[feature_contri: ]
[forcedsplits_filename: ]
[refit_decay_rate: 0.9]
[cegb_tradeoff: 1]
[cegb_penalty_split: 0]
[cegb_penalty_feature_lazy: ]
[cegb_penalty_feature_coupled: ]
[path_smooth: 0]
[interaction_constraints: ]
[verbosity: -1]
[saved_feature_importance_type: 0]
[use_quantized_grad: 0]
[num_grad_quant_bins: 4]
[quant_train_renew_leaf: 0]
[stochastic_rounding: 1]
[linear_tree: 0]
[max_bin: 255]
[max_bin_by_feature: ]
[min_data_in_bin: 3]
[bin_construct_sample_cnt: 200000]
[data_random_seed: 175]
[is_enable_sparse: 1]
[enable_bundle: 1]
[use_missing: 1]
[zero_as_missing: 0]
[feature_pre_filter: 1]
[pre_partition: 0]
[two_round: 0]
[header: 0]
[label_column: ]
[weight_column: ]
[group_column: ]
[ignore_column: ]
[categorical_feature: ]
[forcedbins_filename: ]
[precise_float_parser: 0]
[parser_config_file: ]
[objective_seed: 16083]
[num_class: 1]
[is_unbalance: 0]
[scale_pos_weight: 1]
[sigmoid: 1]
[boost_from_average: 1]
[reg_sqrt: 0]
[alpha: 0.5]
[fair_c: 1]
[poisson_max_delta_step: 0.7]
[tweedie_variance_power: 1.5]
[lambdarank_truncation_level: 30]
[lambdarank_norm: 1]
[label_gain: ]
[lambdarank_position_bias_regularization: 0]
[eval_at: ]
[multi_error_top_k: 1]
[auc_mu_weights: ]
[num_machines: 1]
[local_listen_port: 12400]
[time_out: 120]
[machine_list_filename: ]
[machines: ]
[gpu_platform_id: -1]
[gpu_device_id: -1]
[gpu_use_dp: 0]
[num_gpu: 1]

end of parameters

pandas_categorical:[]
