tree
version=v4
num_class=1
num_tree_per_iteration=1
label_index=0
max_feature_idx=39
objective=regression
feature_names=atm_iv straddle_pct em_iv_pct dte event_move_implied iv_crush_pct event_vol_fraction parkinson_rv_10d parkinson_rv_20d parkinson_rv_60d cc_rv_10d cc_rv_20d vol_of_vol_20d iv_rv_ratio_20d iv_rv_ratio_60d iv_cc_rv_ratio_20d rv_term_ratio volume_ratio_20d drift_5d hist_move_avg_4q hist_move_med_4q hist_move_std_4q hist_move_avg_8q hist_move_med_8q hist_event_count hist_straddle_accuracy iv_rank hv_rank iv_mom_week iv_mom_month vix_current vix_change_30d vix_pct_252d spy_drift_60d tlt_spy_ratio_30d log_spot timing_bmo timing_amc earnings_month earnings_dow
feature_infos=[0.024199999999999999:9.9293999999999993] [0.002142857142857143:2.21] [0.0053740931060346142:1.5591856490901803] [1:60] [0:1.1296746668417901] [-7.8719008264462813:0.9435927580531388] [0.035178152001413186:173.3117510595934] [0.012475812364060786:1.4739688948412315] [0.014528699580470076:1.2438967218232768] [0.013207812215560761:1.4952309709118137] [0.0066679270609813152:6.9342884920552006] [0.0068262195275598627:8.2027230917918654] [0.0027020016679954314:0.62244251568894249] [0.26930305252671605:99.583912805520455] [0.20974968805216301:66.302880156718047] [0.051441721062870392:127.82888870730311] [0.09527953453298528:2.4494897427831788] [0.23972616521001539:11.824474731441196] [-0.52344068487566253:0.61354838709677417] [0:0.5085720135024111] [0:0.5] [0:0.74631856464742785] [0:0.5] [0:0.5] [0:24] [0.0015431424037530123:41.510601492389036] [0:1] [-11.142857142856565:8.4000000000002668] [-0.81919999999999993:0.69280000000000008] [-0.65920000000000001:0.62860000000000005] [12.039999999999999:52.329999999999998] [-29.849999999999998:24.469999999999999] [0.0065963060686015833:1] [-0.15722837228372288:0.2501611343860779] [-0.2127845500662231:0.18641926279590715] [0.19885085874516517:8.6444864170736135] [0:1] [0:1] [1:12] [1:5]
tree_sizes=1878 1867 1885 1825 1912 1855 1921 1908 1857 1930 1853 1894 1803 1873 1880 1863 1885 1907 1915 1866 1908 1868 1897 1910 1904 1905 1905 1896 1834 1786

Tree=0
num_leaves=16
num_cat=0
split_feature=19 1 9 30 19 19 23 13 9 0 18 18 0 34 19
split_gain=3.11504 1.35672 0.491452 0.216251 0.215882 0.194157 0.181262 0.158078 0.198584 0.0943643 0.0655886 0.0379109 0.0365443 0.0323144 0.0266348
threshold=0.061724014332700271 0.13263654419066537 0.29137571214474495 19.090000000000003 0.043064337817899874 0.087281246455656727 0.03011381039443695 1.2178448745067889 0.33036337199119897 0.41742500000000005 0.051096422438615792 -0.022948186009365986 0.51845000000000008 0.025921503350239686 0.051997441356803821
decision_type=10 2 10 10 8 10 10 10 10 2 10 10 2 10 10
left_child=2 5 6 4 -4 12 14 13 -9 -7 -8 -5 -2 -3 -1
right_child=1 7 3 11 -6 9 10 8 -10 -11 -12 -13 -14 -15 -16
leaf_value=0.063295336438243061 0.065348993194269692 0.068202300015709399 0.065530660713392808 0.06596634250981312 0.068556061718347314 0.065623933458097666 0.064506652645410556 0.068195974673193174 0.070990829102580422 0.067929218152032039 0.066382313512369714 0.064393926710392485 0.066366681256927684 0.06596634250981312 0.06596634250981312
leaf_weight=1571.4317546642851 716.8670611968264 173.29129427066073 305.4783471589908 140.9682315737009 335.23908781632781 130.52562572807074 1613.8941172761843 289.67647839989513 900.83728069718927 605.66211500111967 115.51221916964278 420.41056543774903 347.55251833610237 54.425870228558779 30.054291107691824
leaf_count=11308 4091 694 1568 570 1455 1118 9299 1374 3384 3042 720 2055 1717 104 200
internal_value=0.0659663 0.0679748 0.0645401 0.0659764 0.067063 0.0664152 0.0640119 0.0699305 0.07034 0.0674757 0.0646511 0.0647953 0.0657124 0.0676392 0.063343
internal_weight=7751.83 3218.84 4532.99 1202.1 640.717 1800.61 3330.89 1418.23 1190.51 736.188 1729.41 561.379 1064.42 227.717 1601.49
internal_count=42699 15524 27175 5648 3023 9968 21527 5556 4758 4160 10019 2625 5808 798 11508
is_linear=0
shrinkage=1


Tree=1
num_leaves=16
num_cat=0
split_feature=22 1 22 26 30 20 9 14 19 11 7 5 26 10 22
split_gain=3.1925 1.0262 0.430566 0.306204 0.172284 0.137134 0.0851698 0.0601646 0.0601057 0.0599438 0.05945 0.0557096 0.0441181 0.0208731 0.00228358
threshold=0.063017126287463851 0.13263654419066537 0.035400473457764932 0.43561692554675741 20.815000000000001 0.093398511931966618 0.27835672911176074 2.7025719271399162 0.063847884287663859 0.67686483348870874 0.21536204810852136 0.13690465808220212 0.23778210707418276 0.69978613671362899 0.035181378614713814
decision_type=10 2 8 10 8 10 8 8 10 10 10 10 10 10 10
left_child=2 5 10 9 -5 12 8 -7 -4 -3 14 -8 -2 -12 -1
right_child=1 3 6 4 -6 7 11 -9 -10 -11 13 -13 -14 -15 -16
leaf_value=-0.002948458710256471 -0.001173840824143336 0.0020319623410285028 -0.0013254496940702666 0.0052366059010748121 0.0025329412135553096 0.001304756571517575 -0.00091440407010201573 0.0042628966291414867 0 -0.00074761779506923507 -0.0018590281045174888 0.00025929605237514091 0.00034045364251657044 0 0
leaf_weight=939.27922765538096 153.59352860646322 352.72959330864251 1411.4802746819332 765.84586961986497 289.53977836575359 360.11617416981608 442.6450200676918 76.234672549646348 252.55203486979008 46.124521643854678 853.78013240499422 765.46999148582108 1000.1691202637739 23.66702498216182 18.599893387407064
leaf_count=6440 845 1477 8696 3121 882 2017 2471 712 1081 184 4624 4574 5362 127 86
internal_value=0 0.00213086 -0.00137758 0.00375606 0.00452798 0.000622917 -0.000715326 0.00190222 -0.00111034 0.00162712 -0.0023954 -0.000143615 0.000109732 -0.00178699 -0.0029168
internal_weight=7751.83 3044.35 4707.47 1454.24 1055.39 1590.11 2872.15 436.351 1664.03 398.854 1835.33 1208.12 1153.76 877.447 957.879
internal_count=42699 14600 28099 5664 4003 8936 16822 2729 9777 1661 11277 7045 6207 4751 6526
is_linear=0
shrinkage=0.0844352


Tree=2
num_leaves=16
num_cat=0
split_feature=1 23 23 33 30 0 9 20 20 20 8 25 20 35 35
split_gain=2.06618 0.688366 0.518595 0.239552 0.195909 0.193806 0.115177 0.10758 0.0821403 0.0686302 0.0676808 0.0475609 0.026045 0.0170259 0.00727505
threshold=0.13263654419066537 0.036860751309842683 0.042788449539269753 0.02057792929895386 20.500000000000004 0.51585000000000014 0.2049185626756925 0.10469212355885792 0.092318529791664453 0.083351338494906876 0.201190055323552 0.26540674256492203 0.04389585390642612 4.3411395317480403 2.1023030242398173
decision_type=2 10 10 10 10 2 8 10 10 10 10 10 8 2 2
left_child=2 11 6 7 -5 10 12 -3 -7 -8 -4 14 -1 -13 -2
right_child=1 3 5 4 -6 8 9 -9 -10 -11 -12 13 -14 -15 -16
leaf_value=-0.0024781990796847921 0 0.00099818770997356929 -0.0015811100062723712 0.0036347941300961715 0.0097881543826304884 0.00043858229952885568 -0.0012329745601310053 0.0032027743719118275 0.0022434870556616092 0.0023843388552759665 -0.00020960503174787893 0 -0.00061863670623338697 0.0024121351912168775 -0.0018205802645917771
leaf_weight=944.82635756535456 13.037977043306453 494.75448593497276 343.07103373436257 857.45549530442804 45.868646085262299 708.77605278696865 1965.4489193595946 290.09207020560279 276.94029969861731 31.491490907967091 1353.0485437246971 54.692915905732661 109.47782970266417 22.266335689462721 240.57840441400185
leaf_count=6921 106 1646 3670 3825 154 3418 11287 1083 1399 122 6688 284 596 69 1431
internal_value=0 0.00232357 -0.000817105 0.00301881 0.0039899 2.74307e-05 -0.00157009 0.0018569 0.000980222 -0.0011587 -0.00050695 -0.00112608 -0.0023169 0.000385839 -0.00171478
internal_weight=7751.83 2018.75 5733.08 1688.17 903.324 2681.84 3051.24 784.847 985.716 1996.94 1696.12 330.576 1054.3 76.9593 253.616
internal_count=42699 8598 34101 6708 3979 15175 18926 2729 4817 11409 10358 1890 7517 353 1537
is_linear=0
shrinkage=0.0844352


Tree=3
num_leaves=16
num_cat=0
split_feature=22 1 22 26 34 19 21 15 9 15 7 26 13 17 22
split_gain=2.32787 0.722744 0.313289 0.254794 0.226542 0.0931279 0.0747267 0.072687 0.0687725 0.0480744 0.042919 0.0427667 0.0372236 0.0260742 0.00200588
threshold=0.063017126287463851 0.13263654419066537 0.035400473457764932 0.43561692554675741 0.011816481628332045 0.10560087189427726 0.0678595061256793 1.5550143749676772 0.29137571214474495 1.3450154699157115 0.21536204810852136 0.20902155012777812 1.7133062652135214 1.8335949199299639 0.034938627778085526
decision_type=10 2 8 10 8 10 10 8 10 8 10 8 8 10 10
left_child=2 5 10 9 -5 11 8 -7 -4 -3 14 -2 -8 -12 -1
right_child=1 3 6 4 -6 7 12 -9 -10 -11 13 -13 -14 -15 -16
leaf_value=-0.0025360832955241856 -0.0016109182755290597 0 -0.00098320966884784741 0.0049266786999590962 0.0021948197938523135 0 0 0.0024693293777368949 -4.6699662250740589e-05 0.0018499066651107279 -0.0016511510701956327 0.00033003452236907263 0.0035949528675137655 0 0
leaf_weight=930.00773933716118 82.729648141656071 119.72161386627704 1884.0450663736556 641.47570475470275 413.90994323091581 91.677476895973086 44.356409568339586 266.4809294003062 903.61593161057681 279.13250108622015 804.60622713062912 1149.2254411517642 40.12991355266422 72.840930256526917 27.871381705626845
leaf_count=6370 488 461 12367 2927 1076 631 242 1521 3925 1200 4312 6296 288 439 156
internal_value=0 0.0018207 -0.0011752 0.00318561 0.00388838 0.000550932 -0.000607882 0.0017592 -0.000691573 0.00124032 -0.00204453 0.00017217 0.00175075 -0.00151275 -0.00249595
internal_weight=7751.83 3044.35 4707.47 1454.24 1055.39 1590.11 2872.15 358.158 2787.66 398.854 1835.33 1231.96 84.4863 877.447 957.879
internal_count=42699 14600 28099 5664 4003 8936 16822 2152 16292 1661 11277 6784 530 4751 6526
is_linear=0
shrinkage=0.0844352


Tree=4
num_leaves=16
num_cat=0
split_feature=19 1 23 26 33 0 10 8 15 1 17 4 4 1 18
split_gain=1.6199 0.788157 0.195558 0.190304 0.184314 0.145817 0.0989704 0.0837236 0.0740008 0.0672537 0.061894 0.0563465 0.0497724 0.0380751 0.0138595
threshold=0.055794600778274715 0.13503205128205134 0.05028735754721942 0.43561692554675741 0.022019787650570114 0.51585000000000014 0.31753907405222059 0.22560456390211139 1.0823563077989777 0.099302231237322527 1.4392464998062684 0.10136224011909341 0.14694314375179149 0.092972972972972995 0.015790772374265297
decision_type=10 2 10 10 10 2 10 10 10 2 10 8 10 2 10
left_child=2 5 6 12 -5 13 10 14 -9 -7 -1 -8 -3 -2 -4
right_child=1 3 7 4 -6 9 11 8 -10 -11 -12 -13 -14 -15 -16
leaf_value=-0.0019050291203735101 -0.00075702139054195541 0.001545143722339135 -0.0018292542842024951 0.0021707654509701708 0.004609131735136677 0.00010141288945509542 -0.00023049517424103582 -0.00085316015172986483 0.0016243614634533215 0.0017046861501226163 -0.00083952460652225117 -0.0021611723223757292 -0.0008866038089370337 0.00011707450274359946 0
leaf_weight=1988.9561952596996 619.1281347326003 346.29517936566845 112.07589690340683 509.94770417083055 530.56357550714165 353.07666869228706 759.79096716828644 99.330227942205966 308.31405175616965 547.5453331512399 642.93573010060936 138.43664084002376 53.784444458782673 711.4492539120838 30.196854101959616
leaf_count=13607 4122 1399 781 1694 2307 1941 3739 429 1268 2486 3942 758 225 3741 260
internal_value=0 0.00128739 -0.00115697 0.00282908 0.00344774 0.000276703 -0.00138932 0.000274384 0.000939314 0.0011133 -0.00165754 -0.000566045 0.0011349 -0.000264962 -0.00139541
internal_weight=7751.83 3671.79 4080.04 1440.59 1040.51 2231.2 3530.12 549.917 407.644 900.622 2631.89 898.228 400.08 1330.58 142.273
internal_count=42699 17915 24784 5625 4001 12290 22046 2738 1697 4427 17549 4497 1624 7863 1041
is_linear=0
shrinkage=0.0844352


Tree=5
num_leaves=16
num_cat=0
split_feature=22 2 22 26 34 0 35 19 21 34 35 25 7 35 18
split_gain=1.67827 0.477359 0.232463 0.215765 0.202094 0.0861445 0.0629072 0.0609427 0.0585659 0.0516309 0.0421703 0.0349738 0.0321644 0.0217684 0.012812
threshold=0.063017126287463851 0.16691161580849076 0.035400473457764932 0.43561692554675741 0.017623838964037523 0.49207500000000004 3.1378826421417858 0.10410184696058067 0.0678595061256793 -0.019551435450780027 4.0078783424734672 1.2822450741186884 0.24439760999681495 5.6563063971492218 0.066979007009689187
decision_type=10 2 8 10 8 2 2 10 10 8 2 10 10 2 10
left_child=2 5 12 6 -5 11 -3 -7 9 -4 -10 -2 14 -14 -1
right_child=1 3 8 4 -6 7 -8 -9 10 -11 -12 -13 13 -15 -16
leaf_value=-0.0020628948909675298 0 0.0019607943440616191 -0.00012851080698652673 0.0041324666373933425 0.0015450915020820697 0.00047375070194054404 0 0.0022098486923617373 0.0039214102791441646 -0.00090035571897209782 0 -0.0022045293692120587 -0.0012503790735098801 0.00035491554979842253 0
leaf_weight=1219.5940489857458 679.62217325111851 223.63364111026749 1189.5369955035858 703.71729278517887 382.45729448925704 518.2383061721921 234.73336109565571 246.87748531484976 32.661184885539114 1598.1240024806466 51.825138235464692 55.073704309295863 568.84060738608241 32.637285436503589 14.254336621612309
leaf_count=7933 4063 1156 8477 3133 1002 2407 883 1246 260 7815 270 710 3062 166 116
internal_value=0 0.00154524 -0.000998539 0.00259145 0.00325315 0.000445203 0.000949257 0.00107836 -0.000507715 -0.000582952 0.00157312 -0.000169533 -0.00174823 -0.00110809 -0.00203283
internal_weight=7751.83 3044.35 4707.47 1544.54 1086.17 1499.81 458.367 765.116 2872.15 2787.66 84.4863 734.696 1835.33 601.478 1233.85
internal_count=42699 14600 28099 6174 4135 8426 2039 3653 16822 16292 530 4773 11277 3228 8049
is_linear=0
shrinkage=0.0844352


Tree=6
num_leaves=16
num_cat=0
split_feature=22 1 22 13 10 20 19 23 9 17 15 21 12 12 17
split_gain=1.41058 0.440766 0.194105 0.17109 0.180985 0.0766533 0.0507588 0.0713969 0.0533439 0.0480822 0.0415425 0.0348581 0.0330824 0.0226892 0.0165202
threshold=0.063017126287463851 0.13263654419066537 0.035400473457764932 1.2178448745067889 0.40666049554003469 0.093398511931966618 0.050000171817870344 0.026768522853226593 0.42740584777542728 0.99443545564389868 1.4063911013872787 0.036946427127226671 0.03880200116997768 0.088034683682462228 1.6027773557955662
decision_type=10 2 8 10 10 10 10 10 10 8 8 10 10 10 10
left_child=2 5 12 11 -5 9 8 -8 -4 -2 -7 -3 14 -14 -1
right_child=1 3 6 4 -6 10 7 -9 -10 -11 -12 -13 13 -15 -16
leaf_value=-0.002164848493709094 -0.00094917954684819333 -0.0014954148166948585 -0.00090669359180454317 0.001746076345162832 0.0039559904686194466 0 0.0029694814355019656 -0.00019634818186392976 0.0012043034515407678 0.00035067026490079225 0.0018355736213968449 0.00089676398377184412 -0.0008313503969657217 -0.0020284992308115504 -0.00051806079022716938
leaf_weight=812.78708113124594 258.83436604915187 49.562894251663238 1517.7391466253903 600.23630859702826 615.49533148203045 103.69515317026526 52.020021051168442 1225.5756151066162 76.8125383220613 894.9282828210853 332.65569354919717 188.9452286073938 702.0875642132014 216.10475294291973 104.34688014257699
leaf_count=5468 1348 150 9884 2676 2170 649 304 6237 397 4859 2080 668 3429 1431 949
internal_value=0 0.00141748 -0.000914621 0.00248436 0.00289344 0.000420429 -0.000464695 -4.02875e-05 -0.000783873 3.00881e-05 0.00137545 0.000258941 -0.00160034 -0.0011502 -0.00201396
internal_weight=7751.83 3044.35 4707.47 1454.24 1215.73 1590.11 2872.15 1277.6 1594.55 1153.76 436.351 238.508 1835.33 918.192 917.134
internal_count=42699 14600 28099 5664 4846 8936 16822 6541 10281 6207 2729 818 11277 4860 6417
is_linear=0
shrinkage=0.0844352


Tree=7
num_leaves=16
num_cat=0
split_feature=22 1 22 26 13 35 7 34 26 17 23 22 11 16 26
split_gain=1.19459 0.285499 0.263663 0.172286 0.151861 0.0993211 0.11298 0.0777975 0.0650912 0.0510933 0.0436841 0.0409859 0.0402646 0.0141714 0.00777802
threshold=0.073200051392032492 0.13263654419066537 0.044713877541768254 0.4046289827504928 1.2044761853895787 2.6063862749981896 0.28960372263232298 -0.019551435450780027 0.18439890832624933 1.9128539094474868 0.097778863543675501 0.1055118956649123 0.23003357891057102 0.910352885598673 0.33773592021223253
decision_type=10 2 10 10 10 2 10 8 8 10 10 10 10 8 10
left_child=2 8 9 11 -5 6 -4 -7 13 12 -10 -3 -1 -2 -11
right_child=1 3 5 4 -6 7 -8 -9 10 14 -12 -13 -14 -15 -16
leaf_value=-0.0017090430364509804 -0.0032466033946085167 -0.00021137677859089929 -0.0005059116118975289 0.00016718406381149744 0.0034555660572546439 0.00037210630424298208 0.0045547105080814328 -0.00057925487192982735 0.00035198983587783947 -0.00058107925748339634 0.0017701296620161388 0.0017300297542340987 -0.00096290958012065558 0 0.00051040364309959938
leaf_weight=1266.4861263788771 33.358607403002679 161.57126311585307 38.216774578671902 138.15934139722958 835.06613569427282 1039.6642845179886 68.936610084027052 1419.2795814750716 753.64742194395512 70.040491838008165 232.65694400109351 116.59378024609759 1439.6032574637793 17.800224976614118 120.74601294845343
leaf_count=10045 160 624 254 463 3245 7148 400 5063 3999 367 1759 569 7659 160 784
internal_value=0 0.00161983 -0.000677726 0.00248594 0.00302308 -4.10317e-05 0.00244988 -0.000163574 0.00054246 -0.00123019 0.000720859 0.000485651 -0.00132462 -0.0022274 0
internal_weight=7751.83 2288.85 5462.97 1251.39 973.225 2566.1 107.153 2458.94 1037.46 2896.88 986.304 278.165 2706.09 51.1588 190.787
internal_count=42699 10979 31720 4901 3708 12865 654 12211 6078 18855 5758 1193 17704 320 1151
is_linear=0
shrinkage=0.0844352


Tree=8
num_leaves=16
num_cat=0
split_feature=22 0 8 17 22 26 23 30 26 21 7 35 27 24 17
split_gain=1.0084 0.337675 0.182842 0.261674 0.143188 0.0763326 0.0652097 0.0578031 0.0519493 0.0453323 0.0440309 0.036939 0.0208373 0.0505278 0.0205948
threshold=0.062538145409689716 0.63887500000000008 0.34465291561018946 2.0849882617498396 0.033514669443533242 0.6375269672536189 0.087991132461928204 19.105000000000004 0.65575454770730157 0.0678595061256793 0.2781554054589514 3.7944774352479826 0.96496727790629155 11.500000000000002 1.4537540928911146
decision_type=10 2 10 10 8 10 10 10 10 10 10 2 8 2 10
left_child=4 5 8 -4 12 6 -2 -7 -3 10 -6 -11 14 -14 -1
right_child=1 2 3 -5 9 7 -8 -9 -10 11 -12 -13 13 -15 -16
leaf_value=-0.0016762683295771137 -0.00030531610757101219 0 0.0024041713736406203 0.0085003191857669219 -0.00074833307645477091 0.0020651653166865709 0.0011479294791706099 0 0.0021826176750328664 0.0039436941535477051 -5.0187104559534959e-05 0 -0.0012366447313593625 0.0038246339452668514 -0.00070941063080511761
leaf_weight=1227.4440161464736 961.56704337336123 298.09645101474598 921.43867783248425 58.226655719336122 1786.1592622085009 276.70705161849037 284.15769701078534 167.52983715152368 102.53044116590172 27.334772349335253 1174.8911056825891 53.14290695823729 60.668142080307007 17.643466701731086 334.2893310491927
leaf_count=7494 4281 1524 3166 277 12403 2029 1914 934 633 206 4873 302 517 26 2120
internal_value=0 0.00119006 0.00217462 0.00280504 -0.000778839 0.000365879 2.70511e-08 0.00131613 0.000548798 -0.000420238 -0.00048255 0.00145158 -0.00142334 0 -0.00149082
internal_weight=7751.83 3070.25 1380.29 979.665 4681.57 1689.96 1245.72 444.237 400.627 3041.53 2961.05 80.4777 1640.04 78.3116 1561.73
internal_count=42699 14758 5600 3443 27941 9158 6195 2963 2157 17784 17276 508 10157 543 9614
is_linear=0
shrinkage=0.0844352


Tree=9
num_leaves=16
num_cat=0
split_feature=22 10 17 22 31 26 0 31 5 7 27 15 17 11 33
split_gain=0.852409 0.220734 0.203407 0.190676 0.17608 0.113583 0.107191 0.0770149 0.0835077 0.0580853 0.0542947 0.0498823 0.0399644 0.0295052 0.00776967
threshold=0.073200051392032492 0.40398442616640412 1.7962729397476696 0.044713877541768254 4.0300000000000011 0.4046289827504928 0.61105000000000009 2.1499999999999999 0.61685459004321064 0.32173419875013071 0.088102468838697059 1.0889904998498345 1.9128539094474868 0.23003357891057102 0.02724419715264326
decision_type=10 10 10 10 10 10 2 10 8 10 10 10 10 10 10
left_child=3 7 5 12 -4 -3 11 8 -2 -9 -8 -5 13 -1 -14
right_child=1 2 4 6 -6 -7 10 9 -10 -11 -12 -13 14 -15 -16
leaf_value=-0.0014587227534945621 0.00091613708683496687 -2.7324821485626547e-05 0.0036220891776826193 -0.0010625194278190467 0.012338847394099193 0.0023504636590559449 -0.00083045235694475454 -0.00089940919573078129 0.0046215791279495197 0.00085308787709192902 0.0013634326161558986 -6.150691404836257e-05 0.00072529314016985674 -0.00080838822058760021 -0.00031426120418038455
leaf_weight=1266.4861263788771 827.17260073730722 154.2675134819001 114.44667848898098 499.49945106171072 25.739473596215248 578.87450034543872 76.60788607224822 296.94794721715152 51.478257817216218 239.92674709390849 475.72078233631328 1514.2691311854869 84.692192362621427 1439.6032574637793 106.09431242384017
leaf_count=10045 5376 684 507 2241 64 2028 292 1310 386 624 2216 8116 360 7659 791
internal_value=0 0.00136926 0.00243985 -0.000571535 0.00550167 0.00180544 -2.81609e-05 0.000684669 0.00117374 -5.46285e-05 0.000998787 -0.000326449 -0.00104135 -0.00112522 0
internal_weight=7751.83 2288.85 873.328 5462.97 140.186 733.142 2566.1 1415.53 878.651 536.875 552.329 2013.77 2896.88 2706.09 190.787
internal_count=42699 10979 3283 31720 571 2712 12865 7696 5762 1934 2508 10357 18855 17704 1151
is_linear=0
shrinkage=0.0844352


Tree=10
num_leaves=16
num_cat=0
split_feature=22 9 15 26 22 26 19 23 33 33 9 30 23 27 30
split_gain=0.72114 0.262095 0.168611 0.110897 0.107268 0.091811 0.0676959 0.0590609 0.0468463 0.0451502 0.0612395 0.0189634 0.0130898 0.012803 0.000430078
threshold=0.063017126287463851 0.32405473651706768 1.5862185755078431 0.57146130679586238 0.030734710071277174 0.31491737883127918 0.14325098521262342 0.15261400547396411 0.051127597948578136 0.010251370165634157 0.2953647476914511 30.345000000000002 0.0077067187392526057 0.98560143603154315 18.005000000000006
decision_type=10 10 10 10 8 8 10 10 10 8 10 10 10 8 10
left_child=4 6 3 -3 12 -4 8 -8 -2 11 -11 -6 14 -14 -1
right_child=1 2 5 -5 9 -7 7 -9 -10 10 -12 -13 13 -15 -16
leaf_value=-0.0002041125860061727 -0.00051080297491308438 0 0 0.0018569178280887846 -0.0012912202456799025 0.0031142587692517989 0.0031492700376831552 -0.0010354494641073803 0.00051580724262267051 -0.00045635404734824746 0.00045439588258019915 0 -0.0013788991458787046 0 0.00027137325543809509
leaf_weight=28.464065968524665 696.48459667386487 481.30203108582646 92.652828795835376 475.30076682893559 471.14217443112284 616.46647428674623 90.685848327819258 18.18733024969697 573.27338227909058 2108.2833720317576 668.57692214008421 61.131201654672623 1308.2969604246318 36.953936209902167 24.624966674484313
leaf_count=840 3673 1911 406 1710 2999 2596 330 270 3704 13386 2585 408 7108 249 524
internal_value=0 0.00101416 0.00172845 0.000942507 -0.000653309 0.00274046 0.00012678 0.00214633 -2.12536e-05 -0.000376898 -0.000225121 -0.00110556 -0.00128336 -0.00133467 0
internal_weight=7751.83 3044.35 1665.72 956.603 4707.47 709.119 1378.63 108.873 1269.76 3309.13 2776.86 532.273 1398.34 1345.25 53.089
internal_count=42699 14600 6623 3621 28099 3002 7977 600 7377 19378 15971 3407 8721 7357 1364
is_linear=0
shrinkage=0.0844352


Tree=11
num_leaves=16
num_cat=0
split_feature=21 9 15 19 17 16 34 18 10 26 11 17 9 11 9
split_gain=0.589382 0.278797 0.170833 0.140098 0.122368 0.0956584 0.0760967 0.0699025 0.0753261 0.0649335 0.0555275 0.0479736 0.0425159 0.0361809 0.0344822
threshold=0.052543473233710565 0.32288581075495998 1.3923049746625245 0.03885807790379394 2.0589897867313387 1.1753119917403088 -0.021528922489715659 0.051096422438615792 0.56363507707786453 0.4046289827504928 0.70131155374116905 1.3121519817869352 0.45888253972776344 0.25260044276394283 0.27402946621180563
decision_type=10 8 8 10 10 10 8 10 10 10 10 10 10 10 10
left_child=3 6 5 11 -4 -3 9 10 -9 -2 -5 12 -1 -13 -8
right_child=1 2 4 7 -6 -7 14 8 -10 -11 -12 13 -14 -15 -16
leaf_value=-0.0012912841415357165 -0.00047065681669715442 0 0.002385079392392029 -0.00013838501443465837 0.0068534458657849425 0.0024776203203899999 -0.0013866705876257903 0.00034922918080817751 0.0038290575146204143 0.0016783357324631177 -0.0022296413440447116 -0.00088729055482019467 0.0013166683539232945 0.00014859002749564916 0
leaf_weight=1592.7964660178404 128.61982150934637 405.26127982046455 717.72325088270009 2556.8933811895549 56.614763735793531 159.54039027914405 245.54612872283906 296.94072020286694 59.138694094493985 265.46489598695189 96.871025178581476 470.0845126118511 32.864644365385175 399.59664229629561 267.87024116888642
leaf_count=11153 968 1696 2837 14296 246 434 828 1611 267 2108 408 3016 166 1916 749
internal_value=0 0.00115455 0.00192861 -0.000468088 0.00275933 0.000729568 0 -6.82837e-05 0.00102516 0.000893513 -0.00022765 -0.00093695 -0.00121778 -0.000373552 -0.000665187
internal_weight=7751.83 2246.64 1339.14 5505.19 774.338 564.802 907.501 3009.84 356.079 394.085 2653.76 2495.34 1625.66 869.681 513.416
internal_count=42699 9866 5213 32833 3083 2130 4653 16582 1878 3076 14704 16251 11319 4932 1577
is_linear=0
shrinkage=0.0844352


Tree=12
num_leaves=15
num_cat=0
split_feature=22 1 34 33 19 22 19 9 1 17 9 23 7 30
split_gain=0.52791 0.163479 0.12752 0.143135 0.120508 0.085929 0.0669351 0.0666173 0.0421675 0.033731 0.0376891 0.0225545 0.0220331 0.0016966
threshold=0.073200051392032492 0.13263654419066537 0.017623838964037523 0.037058455827891364 0.039585868992777253 0.16272390523969041 0.11061409289592215 0.29137571214474495 0.064103520857252211 1.3121519817869352 0.45888253972776344 0.097778863543675501 0.17155331574410185 16.260000000000002
decision_type=10 2 8 10 8 10 10 10 2 10 10 10 10 10
left_child=4 8 3 -3 9 -4 7 -6 13 10 -1 -10 -11 -2
right_child=1 2 5 -5 6 -7 -8 -9 11 12 -12 -13 -14 -15
leaf_value=-0.0011746008481653813 0 0.0035845437094650916 0.00094799397100772112 0.0011884775957562291 -0.00043371187248632053 -0.0027033023197737087 0.0064279654426315199 0.00039076750024129813 0.00012210132795325968 -0.0013583836871106821 0.0013150480156362476 0.001135389484919863 -0.00015339835100743819 -0.0024748661853123887
leaf_weight=1637.2730033807456 6.7253678594715884 387.75674705207348 380.36289855698124 434.7210847735405 1754.8774359652307 48.549790070857853 10.559433937072752 1132.2138393959031 757.11121784523129 149.92900314088911 31.589732812717557 237.64716105442494 746.5306906523183 35.979451565537602
leaf_count=9483 193 1467 982 2280 12201 172 48 4812 3912 1170 152 1772 3854 201
internal_value=0 0.00107933 0.00173386 0.00236 -0.000448001 0.000454616 -6.24422e-05 -9.89164e-05 0.000257447 -0.000870508 -0.00110723 0.000397916 -0.000392535 -0.0022122
internal_weight=7751.83 2288.85 1251.39 822.478 5462.97 428.913 2897.65 2887.09 1037.46 2565.32 1668.86 994.758 896.46 42.7048
internal_count=42699 10979 4901 3747 31720 1154 17061 17013 6078 14659 9635 5684 5024 394
is_linear=0
shrinkage=0.0844352


Tree=13
num_leaves=16
num_cat=0
split_feature=22 0 11 33 19 26 26 30 33 2 23 23 9 15 23
split_gain=0.444151 0.185638 0.101996 0.12442 0.0709706 0.0504477 0.044202 0.0439172 0.043194 0.0416153 0.0400232 0.039014 0.0619592 0.0189878 0.0146285
threshold=0.062538145409689716 0.63887500000000008 0.35442229548018817 0.023090666938314078 0.050000171817870344 0.6375269672536189 0.3347958169904614 19.105000000000004 0.012569200100554625 0.17644120828934137 0.097778863543675501 0.026768522853226593 0.27610076501126962 1.4063911013872787 0.0077067187392526057
decision_type=10 2 10 10 10 10 8 10 8 2 10 10 8 8 10
left_child=4 5 9 -4 6 10 14 -7 -8 -3 -2 12 -6 -13 -1
right_child=1 2 3 -5 11 7 8 -9 -10 -11 -12 13 -14 -15 -16
leaf_value=0 -0.00029292438218173652 0.0011650574593921415 0.00090279221860470088 0.0029472322447030705 0 0.0016098986031874215 -0.001146786521861756 0 -0.00020120324800350928 -0.00048295550427909323 0.0010669952868440408 -0.00046061896220762124 0.0046911844323885826 0.0001913307416656045 -0.0011617300502003189
leaf_weight=33.52470391895622 1070.3099981732666 210.47267369506881 470.97319368319586 505.3407002883032 36.786635104566813 276.70705161849037 494.90904285572469 167.52983715152368 1571.8204240433406 193.50565806590021 175.41474221087992 572.33597267605364 31.692615505307913 640.36548118619248 1300.1381278862245
leaf_count=1724 4856 1048 1584 2000 202 2029 3206 934 10718 968 1339 2550 142 3605 5794
internal_value=0 0.000792585 0.00152222 0.00199596 -0.000514086 0.000176768 -0.000715971 0.000954861 -0.00044389 0.000294365 -7.44914e-05 0 0.00197178 -8.91777e-05 -0.00111245
internal_weight=7751.83 3070.25 1380.29 976.314 4681.57 1689.96 3400.39 444.237 2066.73 403.978 1245.72 1281.18 68.4793 1212.7 1333.66
internal_count=42699 14758 5600 3584 27941 9158 21442 2963 13924 2016 6195 6499 344 6155 7518
is_linear=0
shrinkage=0.0844352


Tree=14
num_leaves=16
num_cat=0
split_feature=1 21 15 9 18 11 22 1 2 3 30 22 18 35 26
split_gain=0.392572 0.21088 0.11211 0.128821 0.0806966 0.0855818 0.0793412 0.0632043 0.062345 0.0360642 0.018128 0.0173375 0.00925264 0.0162122 0.00385996
threshold=0.1091885964912281 0.052543473233710565 1.3923049746625245 0.32405473651706768 0.053228694212756895 0.70131155374116905 0.063812580229809096 0.063755733944954138 0.22587744878042695 24.500000000000004 18.675000000000004 0.030470096127838468 -0.026971189801379577 5.9527756870906208 0.29694570398187914
decision_type=2 10 8 8 10 8 10 2 2 2 8 8 10 2 8
left_child=7 4 8 -4 5 -2 -6 12 -3 10 -9 -11 14 -14 -1
right_child=1 2 3 -5 6 -7 -8 9 -10 11 -12 -13 13 -15 -16
leaf_value=-0.00081708841367223502 1.8092339750701221e-05 -5.4617795053546682e-05 0.00050228600942766948 0.0026753293003329679 0 -0.0021079652325743437 0.0033354716935187138 0.00024863430081257588 0.0018038286162395027 -0.0010416462755853876 -0.00040594512376027173 -0.00036811931893310251 -0.0012755520808468933 0 0
leaf_weight=51.162618494825438 1334.0645919344388 424.35795340314507 336.7833590162918 651.08022982999682 117.09638813976198 146.31551012094133 98.262287898920476 891.86419472005218 167.09388264175504 452.97885356843472 449.07574668340385 1534.4954677920323 904.22607757104561 76.085714210290462 116.88398203765973
leaf_count=474 6471 1690 1479 2547 608 986 490 5083 531 2633 2830 9252 6080 529 1016
internal_value=0 0.000705911 0.00140843 0.00196867 3.1877e-05 -0.000170455 0.00157256 -0.000510421 0.000415821 -0.000309777 4.68954e-06 -0.000538518 -0.00106274 -0.00117601 -0.000204122
internal_weight=7751.83 3275.05 1579.32 987.864 1695.74 1480.38 215.359 4476.77 591.452 3328.41 1340.94 1987.47 1148.36 980.312 168.047
internal_count=42699 14802 6247 4026 8555 7457 1098 27897 2221 19798 7913 11885 8099 6609 1490
is_linear=0
shrinkage=0.0844352


Tree=15
num_leaves=16
num_cat=0
split_feature=1 26 5 0 22 19 18 9 8 21 31 33 18 8 18
split_gain=0.331328 0.184142 0.146509 0.163372 0.0536797 0.053305 0.0569191 0.0401951 0.0388787 0.0339046 0.0281927 0.0257105 0.0085867 0.0120756 0.00806685
threshold=0.1091885964912281 0.40190778606891236 0.1057419599714932 0.55437500000000017 0.030470096127838468 0.14121065312018244 -0.021578177274162221 0.54059200969477839 0.201190055323552 0.086893111234266601 1.2750000000000006 0.010251370165634157 -0.0064549175455578247 0.23843458698877779 0.066979007009689187
decision_type=2 10 10 2 8 10 10 8 8 8 8 8 8 10 10
left_child=4 5 7 -4 12 9 -7 -3 10 -2 -6 -10 13 -1 -14
right_child=1 2 3 -5 8 6 -8 -9 11 -11 -12 -13 14 -15 -16
leaf_value=-0.00079913857160471508 -0.00018044993990761366 0 0.00032571116850963698 0.0020270383234575399 -0.00032151362721610636 0.0047611990948046249 0 -0.0022913813014946603 -0.00072146388909611779 -0.0017809458652153318 -0.0015587697411699624 0 -0.0012697512807375703 3.7724171768072352e-06 0
leaf_weight=292.31481204275042 912.39208681695163 271.06293153623119 699.7747145392932 1144.3745770503301 428.24352472973987 29.34091872908175 34.369967757724226 66.71262377826497 427.55894384998828 117.02638277737424 273.84438705816865 2219.23928435985 689.83347205258906 105.67030152957886 40.067929455079138
leaf_count=1994 3698 1115 3529 4715 3543 138 239 251 2796 1117 3092 11352 4286 605 229
internal_value=0 0.000648359 0.00109906 0.00139969 -0.000469075 -0.000221121 0.00205868 -0.000444159 -0.000285227 -0.0003954 -0.000852041 -0.00012223 -0.000985223 -0.000503298 -0.00120212
internal_weight=7751.83 3275.05 2181.92 1844.15 4476.77 1093.13 63.7109 337.776 3348.89 1029.42 702.088 2646.8 1127.89 397.985 729.901
internal_count=42699 14802 9610 8244 27897 5192 377 1366 20783 4815 6635 14148 7114 2599 4515
is_linear=0
shrinkage=0.0844352


Tree=16
num_leaves=16
num_cat=0
split_feature=20 16 17 24 21 1 5 27 33 20 11 27 17 7 35
split_gain=0.285802 0.132345 0.166566 0.271162 0.153383 0.121484 0.0814384 0.0962178 0.066746 0.0836635 0.0813033 0.0596034 0.0356695 0.0226379 0.0153236
threshold=0.096571701547471536 1.187595529266275 1.0399031423211256 10.500000000000002 0.14207831445475819 0.085508620689655188 0.17710228853958285 0.41450620488483075 0.018965121738843575 0.058797595795660497 0.31044827597361574 1.0434436832066469 1.3014260874894528 0.16870665653679495 5.9132191412907664
decision_type=10 10 10 2 10 2 8 10 10 8 10 8 8 8 2
left_child=5 6 3 -3 -4 12 7 -2 9 -7 -10 -8 14 -14 -1
right_child=1 2 4 -5 -6 8 11 -9 10 -11 -12 -13 13 -15 -16
leaf_value=-0.00098983277936234393 -0.0011187341578448528 -0.00014217151829081998 0 0.010839709619539652 0.0086270007271313075 -0.00088838429218740674 0.001525020966424133 0.0023045995240729552 -0.00013825858877368203 0.00047603734461424871 0.00080561170466781392 -0.003205382599298682 -0.0010481509136224631 -4.6485464698009225e-05 0
leaf_weight=1444.9046616503038 244.09930925350636 16.526916713919491 104.43869483238086 42.065412759780884 16.696279171854258 864.49718140345067 617.50951192528009 73.760494146496058 1167.0779519481584 474.08355977828614 1339.7018242646009 14.736742608249186 214.37496403930709 990.136295276694 127.21705829072744
leaf_count=9072 974 302 670 64 38 4398 3126 264 6329 3207 5364 26 1937 6138 790
internal_value=0 0.00124193 0.00339861 0.00721223 0.00125676 -0.000210711 0.000797353 -0.000217753 8.91014e-05 -0.00038046 0.000353057 0.00135968 -0.00063776 -0.000252615 -0.00091162
internal_weight=7751.83 1129.83 179.727 58.5923 121.135 6621.99 950.106 317.86 3845.36 1338.58 2506.78 632.246 2776.63 1204.51 1572.12
internal_count=42699 5464 1074 366 708 37235 4390 1238 19298 7605 11693 3152 17937 8075 9862
is_linear=0
shrinkage=0.0844352


Tree=17
num_leaves=16
num_cat=0
split_feature=9 33 22 26 12 17 21 30 19 28 34 26 9 16 6
split_gain=0.25251 0.174942 0.163058 0.145695 0.12864 0.0644413 0.0587565 0.0673015 0.0648488 0.0410765 0.0362248 0.0317359 0.0313559 0.0159151 0.00900755
threshold=0.2953647476914511 0.022019787650570114 0.1055118956649123 0.57146130679586238 0.12634023914043246 1.2822362389958484 0.032949458418549647 19.170000000000005 0.11157787789467201 0.052950000000000018 -0.019551435450780027 0.44037342644254202 0.21077503106987308 0.96315828155708261 0.39659100504181033
decision_type=10 8 8 8 10 8 10 10 10 10 8 10 8 10 8
left_child=5 6 3 -3 -4 11 8 -8 -2 10 -7 14 -11 -13 -1
right_child=1 2 4 -5 -6 9 7 -9 -10 12 -12 13 -14 -15 -16
leaf_value=0 -0.001122739501578031 0 0.0033944598857697716 0.0019316827726669288 -6.2058961097553953e-05 0.00017596389536748367 0.0010539573995380618 -0.0002474291720150763 0.0031354292392935267 -0.0005220669591639095 -0.00052706555481540213 0.00017522331379786629 0.0015374869096705971 -0.00054410340220195695 -0.00097087547034460208
leaf_weight=20.411106216721237 447.40004406869411 775.29216150566936 334.72469390369952 418.15686408942565 75.613783178385347 893.52112440671772 474.9128735922277 633.95765182189643 22.919190410524607 44.70484810648486 1108.9968207047787 309.7592940190807 183.27258247276768 479.86612386722118 1528.3176956987008
leaf_count=106 1967 3426 1720 2153 294 6820 1323 2582 86 466 6304 2771 1066 3658 7957
internal_value=0 0.000577696 0.00119939 0.000662312 0.00267786 -0.000401816 -3.29634e-05 0.000280391 -0.000841413 -6.06863e-05 -0.000196907 -0.000712977 0.000988651 -0.000220155 -0.000942726
internal_weight=7751.83 3182.98 1603.79 1193.45 410.338 4568.85 1579.19 1108.87 470.319 2230.5 2002.52 2338.35 227.977 789.625 1548.73
internal_count=42699 13551 7593 5579 2014 29148 5958 3905 2053 14656 13124 14492 1532 6429 8063
is_linear=0
shrinkage=0.0844352


Tree=18
num_leaves=16
num_cat=0
split_feature=1 26 27 5 35 1 19 19 28 17 28 21 21 7 33
split_gain=0.21181 0.134262 0.113875 0.118045 0.0497494 0.0399169 0.0355487 0.0482573 0.0330487 0.0325892 0.0317641 0.0170239 0.00896533 0.012189 0.00281042
threshold=0.1091885964912281 0.40190778606891236 0.57346733252400395 0.19464476127565369 2.9816332205995768 0.063755733944954138 0.14121065312018244 0.17250404891309726 -0.014449999999999989 1.1522997879304859 0.045199999999999997 0.07627758996395613 0.039928826867384005 0.2917383665990258 0.15173992144745965
decision_type=2 10 8 10 2 2 10 10 8 10 8 10 8 8 10
left_child=5 6 3 -3 -4 12 8 -8 -2 10 -7 -11 13 -1 -14
right_child=1 2 4 -5 -6 9 7 -9 -10 11 -12 -13 14 -15 -16
leaf_value=-0.00075445030522815605 0.00040523451495447563 0.00044345894110167736 0.0013952314302081842 0.0019387466231173226 -0.00060038836212743458 -0.00031895945717796395 0.0037077507508329922 -4.086038825301669e-05 -0.00065445801621890059 -5.0079625067372326e-05 -0.0015206456232520649 0.0010169715996695616 -0.0016723040890102695 2.5451244885242971e-05 0
leaf_weight=922.3096408424899 245.22149659902789 787.88998870248906 108.47145054489374 868.46521969255991 417.09818796417676 1210.2011229163036 36.597145353909582 27.113741132896394 784.19697299529798 1794.580628736876 211.21348888403736 112.41902222670615 146.87082955124788 74.510713535360992 4.6672083847224703
leaf_count=5715 1362 2959 554 4343 1754 7829 181 196 3453 10130 1226 613 1993 349 42
internal_value=0 0.000516442 0.000902156 0.00124783 -0.000124588 -0.000377014 -0.000223296 0.00161213 -0.000369836 -0.000215171 -0.000521323 0 -0.000816977 -0.000663021 -0.00160595
internal_weight=7751.83 3275.05 2181.92 1656.36 525.57 4476.77 1093.13 63.7109 1029.42 3328.41 1421.41 1907 1148.36 996.82 151.538
internal_count=42699 14802 9610 7302 2308 27897 5192 377 4815 19798 9055 10743 8099 6064 2035
is_linear=0
shrinkage=0.0844352


Tree=19
num_leaves=16
num_cat=0
split_feature=9 15 11 30 26 27 9 12 31 26 7 35 35 31 35
split_gain=0.189587 0.133421 0.0878756 0.118781 0.0720165 0.0502861 0.0432117 0.0425049 0.0283666 0.0261619 0.0228895 0.0200115 0.0087329 0.0055419 0.0050932
threshold=0.2953647476914511 1.4019158110069971 0.29601955264749602 19.170000000000005 0.5744875123258969 0.5495246663294987 0.17584969379410331 0.088034683682462228 -3.5099999999999993 0.50840125096842825 0.35541555989339429 5.8729903147782041 4.691760631608104 -1.5100000000000005 5.2443362304014096
decision_type=10 10 10 10 10 10 8 10 8 8 10 2 2 10 2
left_child=6 4 10 -4 9 -6 12 8 -8 -2 -3 -9 13 -1 -14
right_child=1 2 3 -5 5 -7 7 11 -10 -11 -12 -13 14 -15 -16
leaf_value=0 -0.00022100386647597506 -0.00048549116108808266 0.0020030986276037312 0.00022850664801699722 0.0014738699345682887 0 -0.0009956279901946496 -0.0015178140788747829 -6.419128625699388e-05 -0.0013810217294776325 0.0014219481181338175 0 0 -0.0014590772472741049 -0.00075130728230033469
leaf_weight=34.917981001082808 759.77743407199159 278.22544609569013 795.04182741884142 474.96414849534631 288.55129903415218 331.01756478659809 261.99166544480249 251.21369533380494 3354.0282557250466 206.26600039098412 49.133542276918888 35.204612662550062 122.57775916997343 323.2578231128864 185.65780304232612
leaf_count=1907 3136 1503 3628 1656 1087 1446 1383 1398 19510 977 118 128 1246 1946 1630
internal_value=0 0.000500344 0.00104557 0.00136586 -2.82626e-05 0.00065931 -0.000348396 -0.000229873 -0.000140968 -0.000503573 -9.63667e-05 -0.00123453 -0.000992077 -0.00134594 -0.000472048
internal_weight=7751.83 3182.98 1597.36 1270.01 1585.61 619.569 4568.85 3902.44 3616.02 966.043 327.359 286.418 666.411 358.176 308.236
internal_count=42699 13551 6905 5284 6646 2533 29148 22419 20893 4113 1621 1526 6729 3853 2876
is_linear=0
shrinkage=0.0844352


Tree=20
num_leaves=16
num_cat=0
split_feature=21 9 17 5 20 18 30 7 20 33 7 21 12 35 28
split_gain=0.166057 0.111194 0.105537 0.349696 0.0936992 0.050846 0.0592587 0.0488658 0.0655948 0.0416769 0.0382783 0.0405015 0.0324695 0.0168676 0.000147906
threshold=0.052543473233710565 0.32288581075495998 2.0849882617498396 0.23945393850963143 0.16096780984143194 0.095437888157193465 19.775000000000002 0.26593326730645356 0.074961616088180319 0.084901711501546698 0.18531420109116389 0.015747166207427429 0.046580951693057045 4.6674405017815657 -0.068050000000000013
decision_type=10 8 10 10 10 10 10 10 10 8 10 10 10 2 10
left_child=5 7 4 -4 -3 10 9 8 -2 -7 13 -12 -9 -1 -8
right_child=1 2 3 -5 -6 6 14 12 -10 -11 11 -13 -14 -15 -16
leaf_value=-0.0010516290761201934 -0.00026127291027674163 0.0011558165648059497 -0.00056994059653724084 0.010078941158040925 -0.0010336690945428519 0.0041589460630553025 0 8.9691572220041416e-05 0.0017001847007653225 0 -0.00070864811400420591 -3.0594637121072424e-05 -0.0012592932790865361 -0.00027786856256225114 -0.00092069577396345162
leaf_weight=630.35072405799292 268.2566744396463 1119.4799689082429 39.296884675510228 37.567304579541087 142.79552655480802 54.494315853342414 14.940616250038145 148.07108510751277 193.09551007300615 17.914528611116111 801.82324435701594 3460.6220566025004 298.07781776785851 506.30159802688286 18.739002197980881
leaf_count=5837 1671 4310 170 194 539 180 72 684 1224 268 5664 16160 1074 4578 74
internal_value=0 0.000610241 0.00110103 0.0042442 0.000881586 -0.000251054 0.00152578 -7.78071e-05 0.000489202 0.00299676 -0.000292251 -0.000165981 -0.00073803 -0.000736364 -0.000668747
internal_weight=7751.83 2246.64 1339.14 76.8642 1262.28 5505.19 106.088 907.501 461.352 72.4088 5399.1 4262.45 446.149 1136.65 33.6796
internal_count=42699 9866 5213 364 4849 32833 594 4653 2895 448 32239 21824 1758 10415 146
is_linear=0
shrinkage=0.0844352


Tree=21
num_leaves=16
num_cat=0
split_feature=22 19 31 24 26 19 26 27 26 12 1 30 26 26 26
split_gain=0.149313 0.129332 0.196609 0.148844 0.0820705 0.0855531 0.173868 0.0796357 0.113524 0.0931346 0.0521215 0.03871 0.0463562 0.014781 0.00411679
threshold=0.1055118956649123 0.095607211745699971 1.9050000000000005 9.5000000000000018 0.56782621870882755 0.10410184696058067 0.72809438258299564 0.15163524848281149 0.94585949048102447 0.054743016055742014 0.18335784313725492 18.855000000000004 0.24141355218306793 0.26999192687314105 0.50326980782704889
decision_type=10 10 10 2 10 8 10 10 10 10 2 10 10 10 10
left_child=4 2 3 -2 11 10 -7 9 -9 -3 -6 12 -1 -13 -4
right_child=1 7 14 -5 5 6 -8 8 -10 -11 -12 13 -14 -15 -16
leaf_value=-0.00066535537138346669 0 0.0007688103742776889 0.00069996850109284422 0.0088991412739026672 0 -0.00011040913113383444 0.0048189268412819229 0.0016535272055823353 -0.0024787080067473588 -0.0021396835989036149 0.0020696458818215196 -0.00015481133096350075 0 -0.00091888275476239754 -0.00070818907422305708
leaf_weight=988.30552750476636 15.750844627618788 161.40638406854123 28.262073263525963 50.71529233455658 1574.4787489548326 93.157383732730523 86.705875197658315 467.15503705758601 46.322462761774659 137.33104179892689 91.897765678819269 365.01140222558752 2690.7997723068111 924.76216032309458 29.765086226165295
leaf_count=6266 154 968 62 114 11047 508 468 2270 196 581 356 1472 13915 4250 72
internal_value=0 0.000996356 0.00357604 0.00669047 -0.000140232 0.000331645 0.00209045 0.000558003 0.00121405 -0.000459322 0.000121309 -0.000322235 -0.000170755 -0.000728439 0
internal_weight=7751.83 936.708 124.493 66.4661 6815.12 1846.24 179.863 812.215 513.477 298.737 1666.38 4968.88 3679.11 1289.77 58.0272
internal_count=42699 4417 402 268 38282 12379 976 4015 2466 1549 11403 25903 20181 5722 134
is_linear=0
shrinkage=0.0844352


Tree=22
num_leaves=16
num_cat=0
split_feature=9 33 11 8 9 8 11 8 12 7 10 26 8 33 28
split_gain=0.128106 0.155157 0.123234 0.187606 0.0927077 0.0814994 0.0575794 0.0471282 0.070749 0.0529902 0.0404501 0.0354525 0.0242748 0.0182041 0.0045691
threshold=0.3411188734272283 0.018965121738843575 0.71703183416698513 0.48643181359967158 0.60183299426839987 0.78750524826199386 0.37474372224206159 0.22847511156750097 0.090996092468815307 0.35541555989339429 0.67823970811326417 0.61385546592354268 0.11120575348140972 0.078665103764956071 0.10385000000000001
decision_type=10 8 10 10 10 10 10 8 10 10 8 10 10 8 10
left_child=7 4 3 -3 6 -6 -2 12 9 -9 -4 -10 14 -14 -1
right_child=1 2 10 -5 5 -7 -8 8 11 -11 -12 -13 13 -15 -16
leaf_value=-0.0027028572678090032 0.00072255355247641327 0.0007891092531473171 -0.0029352302424143087 0.0034474035479574571 0.0040403399091831285 -0.00041880538746874916 -0.0009305010753036712 9.5841866456692435e-06 -0.0013621954677496021 0.0012579805957318258 0 0.00010514575130620835 -0.00064174657533684794 -6.3188595951717193e-05 0
leaf_weight=47.882785571739078 172.07122947648168 744.00829976890236 48.926696229726076 280.051398540847 62.949044602923095 31.963941171765327 653.71478006150573 2748.577140603913 378.14081752579659 271.79713538568467 91.021255598403513 112.71711943112314 1373.0309100253507 729.60470332577825 5.3696007430553427
leaf_count=632 636 3516 148 808 286 158 2965 14154 1964 898 312 622 7430 8158 12
internal_value=0 0.000563306 0.00121561 0.00154989 -0.000225729 0.00219894 -0.000545771 -0.0002107 -1.01909e-05 0.00013309 -0.000991482 -0.000958235 -0.000521839 -0.000456784 -0.00244369
internal_weight=7751.83 2084.71 1164.01 1024.06 920.699 94.913 825.786 5667.12 3511.23 3020.37 139.948 490.858 2155.89 2102.64 53.2524
internal_count=42699 8829 4784 4324 4045 444 3601 33870 17638 15052 460 2586 16232 15588 644
is_linear=0
shrinkage=0.0844352


Tree=23
num_leaves=16
num_cat=0
split_feature=20 16 18 30 30 5 1 31 12 22 10 31 28 19 31
split_gain=0.119636 0.103851 0.128183 0.120269 0.164217 0.0768789 0.0487585 0.0456915 0.0609408 0.0607196 0.0444995 0.0314384 0.0169326 0.0170411 0.0123449
threshold=0.096571701547471536 1.187595529266275 0.059688623075685239 18.990000000000006 16.320000000000004 0.17710228853958285 0.085508620689655188 1.6149999999999995 0.11211066248457199 0.10419285085000395 0.6550586074638941 3.2699999999999991 0.091799999999999951 0.028068552533658062 2.8600000000000008
decision_type=10 10 10 10 10 8 2 8 10 10 10 10 10 8 10
left_child=6 2 5 4 -3 -2 12 9 -9 -8 -5 -4 14 -14 -1
right_child=1 3 11 10 -6 -7 7 8 -10 -11 -12 -13 13 -15 -16
leaf_value=-0.00056002314776971399 -0.00025255730290758355 -0.0015957894363092173 -0.00061079705054794002 -0.0011311260284227605 0.0064085923133638265 0.0013790768702972482 0.00023645271050301813 1.0964491965188868e-05 -0.0010811697322774482 0.0023944664253383601 0.0027635261740125787 -0.0043514002573244604 0 0.002289378761764548 -8.6391439679194264e-05
leaf_weight=2011.1225025502499 277.50782702397555 15.537148535251616 75.945300894789398 52.464999467600137 79.650479367468506 558.49564036075026 1493.9769172770903 1807.7786306107882 438.73733447818086 104.86763502843678 32.074676107615232 38.157289654016495 28.409399705938995 30.195047841640189 706.90602915920317
leaf_count=14800 1056 232 536 174 596 2702 8597 8026 2086 589 72 96 104 213 2820
internal_value=0 0.000800557 0.000406314 0.00269328 0.00475504 0.000798138 -0.000139269 4.77904e-05 -0.000187835 0.000399486 0 -0.00216569 -0.000410189 0.000820113 -0.000449048
internal_weight=7751.83 1129.83 950.106 179.727 95.1876 836.003 6621.99 3845.36 2246.52 1598.84 84.5397 114.103 2776.63 58.6044 2718.03
internal_count=42699 5464 4390 1074 828 3758 37235 19298 10112 9186 246 632 17937 317 17620
is_linear=0
shrinkage=0.0844352


Tree=24
num_leaves=16
num_cat=0
split_feature=9 33 11 9 9 8 18 11 5 8 12 17 18 12 34
split_gain=0.10033 0.12287 0.104444 0.186498 0.0755271 0.0678377 0.0556089 0.0463754 0.0407747 0.0343872 0.0556167 0.023664 0.0188396 0.0141337 0.0109568
threshold=0.3411188734272283 0.018965121738843575 0.70131155374116905 0.54059200969477839 0.60183299426839987 0.78750524826199386 0.057305018780820734 0.37474372224206159 0.11956184365206794 0.22847511156750097 0.058094883579610547 1.2451068504155982 0.00482336393419014 0.037872059893455316 0.042778253949934959
decision_type=10 8 10 10 10 10 10 10 10 8 10 10 10 10 10
left_child=8 4 3 -3 7 -6 -4 -2 11 12 -11 14 -10 -13 -1
right_child=1 2 6 -5 5 -7 -8 -9 9 10 -12 13 -14 -15 -16
leaf_value=-0.0009962222722676114 0.00063395059533488457 0.0010926553737745236 -0.0017123304476752868 0.0062421882434568607 0.0036684983430747757 -0.00033126962698049213 0.001616672053829811 -0.00084024135030823753 -0.00062992996890446696 0.00042424233493626277 -0.00035425790817911971 -0.00069785870704730903 0 0.00010995565366917567 0
leaf_weight=717.65624313754961 172.07122947648168 938.16545579675585 129.58707914594561 56.361807104200125 62.949044602923095 31.963941171765327 39.893308090977371 653.71478006150573 886.73188549885526 1707.6358613672201 1024.0619616387412 218.39282181207091 718.27288727974519 374.02041992358863 20.348131954669952
leaf_count=4882 636 3936 384 302 286 158 162 2965 6653 8990 4599 1514 5532 1586 114
internal_value=0 0.000498125 0.00107916 0.00142118 -0.000200779 0.00198139 -0.000731456 -0.000492818 -0.000186845 -5.29404e-05 0.000120282 -0.000598273 -0.000368294 -0.000132475 -0.000927014
internal_weight=7751.83 2084.71 1164.01 994.527 920.699 94.913 169.48 825.786 5667.12 4336.7 2731.7 1330.42 1605 592.413 738.004
internal_count=42699 8829 4784 4238 4045 444 546 3601 33870 25774 13589 8096 12185 3100 4996
is_linear=0
shrinkage=0.0844352


Tree=25
num_leaves=16
num_cat=0
split_feature=1 21 35 15 18 14 10 34 25 0 23 24 23 18 30
split_gain=0.0856111 0.0690997 0.071457 0.0637753 0.0400117 0.050829 0.0332328 0.0224095 0.0143028 0.0149493 0.0131568 0.0151631 0.00607953 0.00313004 0.00268207
threshold=0.085508620689655188 0.052543473233710565 5.0337982815922784 1.3923049746625245 0.053228694212756895 1.4141233473509518 0.27823159359553212 0.031791022825298672 1.3054232737500711 0.92580000000000007 0.023666442578014455 11.500000000000002 0.0077067187392526057 -0.0019289701875685459 15.745000000000003
decision_type=2 10 2 8 10 10 8 8 10 2 8 2 10 8 8
left_child=8 4 3 -3 6 -6 -2 -4 10 14 12 -12 -1 -11 -10
right_child=1 2 7 -5 5 -7 -8 -9 9 13 11 -13 -14 -15 -16
leaf_value=0 0.00017788963583472911 3.0276280938016163e-05 -2.8048722601538199e-05 0.0012243428608092191 -0.00026060661818641762 0.001685075686299848 -0.00042047883934278588 -0.0020533328869334006 0 0.001086754648870987 -0.00035007394680757864 0.00012222180649423578 -0.00066909020901009233 -0.00039335886765557251 -0.0018997419333065602
leaf_weight=30.175374038517475 1073.1040247697383 536.39770195214078 314.83917915029451 1073.3763079475611 133.80546079669148 202.04204849293455 1529.0075287974905 51.619202265515924 11.695898036006836 16.496952173300087 1220.7365226489492 670.64020568132401 776.16746471589431 13.297013791743668 98.425972804892808
leaf_count=706 6089 2183 1186 4783 703 1134 8032 146 280 59 11484 971 4232 87 624
internal_value=0 0.000210855 0.00059796 0.000847152 -3.83473e-05 0.000812495 -0.000161024 -0.000406209 -0.000371561 -0.00128396 -0.00031172 -0.000165145 -0.000614188 0 -0.00174785
internal_weight=7751.83 4914.19 1976.23 1609.77 2937.96 335.848 2602.11 366.458 2837.64 139.916 2697.72 1891.38 806.343 29.794 110.122
internal_count=42699 24256 8298 6966 15958 1837 14121 1332 18443 1050 17393 12455 4938 146 904
is_linear=0
shrinkage=0.0844352


Tree=26
num_leaves=16
num_cat=0
split_feature=9 33 30 17 26 27 27 11 17 28 35 9 26 10 6
split_gain=0.0793576 0.082023 0.105439 0.171825 0.0654169 0.041645 0.0834297 0.0689723 0.0381818 0.0253552 0.0329999 0.0234115 0.0162526 0.0144501 0.0059471
threshold=0.2953647476914511 0.022019787650570114 20.500000000000004 1.5120227246826894 0.57146130679586238 0.35882895038954266 0.56557659035126551 0.37474372224206159 1.2822362389958484 0.052950000000000018 3.9122229654388101 0.21077503106987308 0.44037342644254202 0.25754847294796029 0.40141021658996617
decision_type=10 8 10 10 10 10 10 10 8 10 2 8 10 10 8
left_child=8 5 4 -4 -3 7 -7 -2 12 10 -10 -11 14 -14 -1
right_child=1 2 3 -5 -6 6 -8 -9 9 11 -12 -13 13 -15 -16
leaf_value=0 0.00019598470501714187 0.00012334899573570975 0 0.0094009853579583094 0.0013095128219343681 0.0015406180567228117 -0.00021406656748008181 -0.0014555259125839165 -0.00065244349595245472 -0.00036373092452540799 0.00011387314829623797 0.0013416454004855816 0.00014714261188374355 -0.00055602615135828695 -0.00065726320855037516
leaf_weight=21.684663134627044 313.98675124160945 971.90625320095569 38.669933967292309 26.054071180522442 567.15724432840943 261.39621790498495 658.45276771485806 345.35402303189039 532.8423349650111 44.70484810648486 1469.6756101464853 183.27258247276768 462.61903292639181 327.00638495991006 1527.044138780795
leaf_count=110 919 4475 154 84 2880 974 3169 896 3716 466 9408 1066 4199 2230 7953
internal_value=0 0.000320936 0.000748616 0.00415766 0.000582264 -9.25905e-05 0.000249299 -0.000619468 -0.000228154 7.40553e-06 -7.36556e-05 0.000862487 -0.000466931 -0.000102409 -0.000631334
internal_weight=7751.83 3182.98 1603.79 64.724 1539.06 1579.19 919.849 659.341 4568.85 2230.5 2002.52 227.977 2338.35 789.625 1548.73
internal_count=42699 13551 7593 238 7355 5958 4143 1815 29148 14656 13124 1532 14492 6429 8063
is_linear=0
shrinkage=0.0844352


Tree=27
num_leaves=16
num_cat=0
split_feature=10 15 6 39 17 28 17 32 31 10 5 8 35 16 21
split_gain=0.0720756 0.06425 0.0595192 0.057897 0.0459522 0.0439724 0.0337697 0.0330346 0.0222483 0.0209523 0.0199265 0.0197268 0.012059 0.0111674 0.00773602
threshold=0.31753907405222059 1.0117223648103078 0.94008235483518521 1.5000000000000002 1.0441658081364185 0.044449999999999996 1.3069618900251425 0.61675461741424809 2.6199999999999997 0.28805673539302684 0.23306268483935155 0.24208353357853088 5.6771474828596284 1.170844702384501 0.038130131819982767
decision_type=10 10 10 2 8 10 8 10 8 10 8 10 2 10 10
left_child=4 12 3 -3 7 9 -7 11 -4 -6 -9 -1 13 -2 -14
right_child=1 2 8 -5 5 6 -8 10 -10 -11 -12 -13 14 -15 -16
leaf_value=-0.00046784004068568401 -0.00095152009271703562 0.001396368730330035 0 0.00036332091968119756 -6.3221676662067995e-05 -0.00017223259151216591 0.0012126150314929818 -0.0012750692546713103 -0.002396728534229522 -0.0008151875304601285 -0.00032198162572838289 0.00061505444384784896 0 -1.9555613239749571e-05 0.0015231328477038984
leaf_weight=312.7171709658578 291.27927389927208 569.86809206241742 79.091648596338928 1684.2715802947059 2548.1133310727309 142.8114811736159 326.16069703968242 531.4901042166166 55.860227527096868 316.49656496243551 380.67342822719365 189.92373139597476 48.74062417447567 247.42431009234861 26.904592362232506
leaf_count=2926 1441 3021 400 6669 16837 868 2008 2261 204 1724 1568 1247 186 1234 105
internal_value=0 0.000322527 0.000526804 0.000639442 -0.000205914 -2.43423e-05 0.000720789 -0.000610188 -0.00110535 -0.000157991 -0.000914001 0 -0.000417842 -0.000585268 0.000336066
internal_weight=7751.83 3003.44 2389.09 2254.14 4748.39 3333.58 468.972 1414.8 134.952 2864.61 912.164 502.641 614.349 538.704 75.6452
internal_count=42699 13260 10294 9690 29439 21437 2876 8002 604 18561 3829 4173 2966 2675 291
is_linear=0
shrinkage=0.0844352


Tree=28
num_leaves=16
num_cat=0
split_feature=9 15 17 5 31 10 28 21 7 5 35 21 22 33 35
split_gain=0.0653418 0.0926041 0.10012 0.181399 0.075953 0.0509363 0.0715266 0.0357454 0.0294197 0.0254524 0.0287215 0.0182863 0.00629089 0.00502932 0.00401537
threshold=0.3411188734272283 1.6191224823669257 1.9823197020062464 0.2378390034026629 2.6199999999999997 0.7255117308072544 0.018649999999999976 0.092854431362880588 0.1470132024365535 0.11956184365206794 3.9242479701714825 0.028789242534662422 0.057518622306235931 0.08858360589273552 5.2244016821487227
decision_type=10 10 10 8 10 10 10 10 8 10 2 10 8 8 2
left_child=8 5 4 -4 -3 7 -7 -2 12 11 -11 -10 14 -14 -1
right_child=1 2 3 -5 -6 6 -8 -9 9 10 -12 -13 13 -15 -16
leaf_value=-0.00087128513897865461 0 0.0015987359723538261 -0.00040366255338733167 0.0079429881619347987 -0.00019591317268149048 0 0.0030983706066926098 -0.001339065110346133 -0.00014024939372389629 -0.00031516999248534463 0.00015421008462988744 -0.0008816029146730014 -0.0027128683827334641 0 0
leaf_weight=138.77779076015577 1017.5941902184859 370.60261758416891 21.146815734915435 40.352028226479888 253.82330947369337 125.9916699109599 85.018216413445771 170.17779788840562 787.78057402279228 1396.6108994635288 2773.8489854256622 454.50491213239729 38.283984842710197 8.1529663768596929 69.16009958833456
leaf_count=1473 4388 2021 108 215 658 515 272 652 5084 8364 15529 2332 182 270 636
internal_value=0 0.000401241 0.00120446 0.00456331 0.000816818 0 0.00121391 -0.000207862 -0.000151521 -0.000102958 0 -0.000438371 -0.0010526 -0.00230669 -0.000608328
internal_weight=7751.83 2084.71 685.925 61.4988 624.426 1398.78 211.01 1187.77 5667.12 5412.75 4170.46 1242.29 254.375 46.437 207.938
internal_count=42699 8829 3002 323 2679 5827 787 5040 33870 31309 23893 7416 2561 452 2109
is_linear=0
shrinkage=0.0844352


Tree=29
num_leaves=15
num_cat=0
split_feature=20 16 17 24 18 21 5 17 9 22 17 17 17 30
split_gain=0.0622183 0.0840723 0.112959 0.187121 0.10764 0.0807341 0.0645643 0.0417373 0.0943932 0.0418448 0.0336712 0.0265048 0.0197085 0.0117329
threshold=0.096571701547471536 1.187595529266275 1.0399031423211256 10.500000000000002 0.059688623075685239 0.14207831445475819 0.084248993040497558 1.11730976384587 0.60183299426839987 0.11372630478759034 1.0931014148053932 0.93254216175038851 0.97805987089749402 20.360000000000003
decision_type=10 10 10 2 10 10 8 8 10 10 10 10 10 10
left_child=7 4 3 -3 6 -4 -2 10 9 -9 11 -1 -6 -12
right_child=1 2 5 -5 12 -7 -8 8 -10 -11 13 -13 -14 -15
leaf_value=-0.00051047846400571729 -0.0014634928696681487 -0.00052815356870670213 -0.00010221941388403259 0.0084346571130866788 0 0.0059046403645170277 0.00086217639364147823 6.7715371549682295e-05 0.0047723932354052662 -0.001829873045064982 -0.0018171858055032674 1.9549100008650404e-05 -0.0025978978458537963 0
leaf_weight=1393.7082823822275 86.203062472864985 16.526916713919491 104.43869483238086 42.065412759780884 15.437866939231752 16.696279171854258 749.80040491186082 3852.6386429893319 29.603480148129165 83.64979712665081 151.180138154421 1079.5812029298395 98.664723609574139 31.631952920928597
leaf_count=7182 320 302 670 64 116 38 3438 23024 112 356 709 5728 516 124
internal_value=-1.2775e-07 0.000574462 0.00226762 0.00536733 0.000218208 0.000478223 0.000581997 -0.000103198 6.32396e-05 1.87275e-05 -0.000364116 -0.000265807 -0.00214834 -0.0015088
internal_weight=7751.83 1129.83 179.727 58.5923 950.106 121.135 836.003 6621.99 3965.89 3936.29 2656.1 2473.29 114.103 182.812
internal_count=42699 5464 1074 366 4390 708 3758 37235 23492 23380 13743 12910 632 833
is_linear=0
shrinkage=0.0844352


end of trees

feature_importances:
iv_rank=33
parkinson_rv_60d=30
hist_move_avg_8q=30
volume_ratio_20d=28
hist_move_avg_4q=21
straddle_pct=20
log_spot=19
hist_move_std_4q=18
vix_current=18
spy_drift_60d=18
drift_5d=17
hist_move_med_8q=15
parkinson_rv_10d=14
cc_rv_20d=14
iv_cc_rv_ratio_20d=13
iv_crush_pct=12
parkinson_rv_20d=12
cc_rv_10d=12
hist_move_med_4q=12
vix_change_30d=11
atm_iv=10
vol_of_vol_20d=10
hv_rank=10
tlt_spy_ratio_30d=10
iv_mom_week=9
rv_term_ratio=7
hist_event_count=5
iv_rv_ratio_20d=4
em_iv_pct=3
event_vol_fraction=3
hist_straddle_accuracy=3
event_move_implied=2
iv_rv_ratio_60d=2
dte=1
vix_pct_252d=1
earnings_dow=1

parameters:
[boosting: gbdt]
[objective: regression]
[metric: l2]
[tree_learner: serial]
[device_type: cpu]
[data_sample_strategy: bagging]
[data: ]
[valid: ]
[num_iterations: 2000]
[learning_rate: 0.0844352]
[num_leaves: 190]
[num_threads: 8]
[seed: 42]
[deterministic: 0]
[force_col_wise: 0]
[force_row_wise: 0]
[histogram_pool_size: -1]
[max_depth: 4]
[min_data_in_leaf: 59]
[min_sum_hessian_in_leaf: 0.001]
[bagging_fraction: 0.863516]
[pos_bagging_fraction: 1]
[neg_bagging_fraction: 1]
[bagging_freq: 0]
[bagging_seed: 400]
[bagging_by_query: 0]
[feature_fraction: 0.731713]
[feature_fraction_bynode: 1]
[feature_fraction_seed: 30056]
[extra_trees: 0]
[extra_seed: 12879]
[early_stopping_round: 0]
[early_stopping_min_delta: 0]
[first_metric_only: 0]
[max_delta_step: 0]
[lambda_l1: 0.39161]
[lambda_l2: 0.579482]
[linear_lambda: 0]
[min_gain_to_split: 0]
[drop_rate: 0.1]
[max_drop: 50]
[skip_drop: 0.5]
[xgboost_dart_mode: 0]
[uniform_drop: 0]
[drop_seed: 17869]
[top_rate: 0.2]
[other_rate: 0.1]
[min_data_per_group: 100]
[max_cat_threshold: 32]
[cat_l2: 10]
[cat_smooth: 10]
[max_cat_to_onehot: 4]
[top_k: 20]
[monotone_constraints: ]
[monotone_constraints_method: basic]
[monotone_penalty: 0]
[feature_contri: ]
[forcedsplits_filename: ]
[refit_decay_rate: 0.9]
[cegb_tradeoff: 1]
[cegb_penalty_split: 0]
[cegb_penalty_feature_lazy: ]
[cegb_penalty_feature_coupled: ]
[path_smooth: 0]
[interaction_constraints: ]
[verbosity: -1]
[saved_feature_importance_type: 0]
[use_quantized_grad: 0]
[num_grad_quant_bins: 4]
[quant_train_renew_leaf: 0]
[stochastic_rounding: 1]
[linear_tree: 0]
[max_bin: 255]
[max_bin_by_feature: ]
[min_data_in_bin: 3]
[bin_construct_sample_cnt: 200000]
[data_random_seed: 175]
[is_enable_sparse: 1]
[enable_bundle: 1]
[use_missing: 1]
[zero_as_missing: 0]
[feature_pre_filter: 1]
[pre_partition: 0]
[two_round: 0]
[header: 0]
[label_column: ]
[weight_column: ]
[group_column: ]
[ignore_column: ]
[categorical_feature: ]
[forcedbins_filename: ]
[precise_float_parser: 0]
[parser_config_file: ]
[objective_seed: 16083]
[num_class: 1]
[is_unbalance: 0]
[scale_pos_weight: 1]
[sigmoid: 1]
[boost_from_average: 1]
[reg_sqrt: 0]
[alpha: 0.9]
[fair_c: 1]
[poisson_max_delta_step: 0.7]
[tweedie_variance_power: 1.5]
[lambdarank_truncation_level: 30]
[lambdarank_norm: 1]
[label_gain: ]
[lambdarank_position_bias_regularization: 0]
[eval_at: ]
[multi_error_top_k: 1]
[auc_mu_weights: ]
[num_machines: 1]
[local_listen_port: 12400]
[time_out: 120]
[machine_list_filename: ]
[machines: ]
[gpu_platform_id: -1]
[gpu_device_id: -1]
[gpu_use_dp: 0]
[num_gpu: 1]

end of parameters

pandas_categorical:[]
