tree
version=v4
num_class=1
num_tree_per_iteration=1
label_index=0
max_feature_idx=39
objective=quantile
feature_names=atm_iv straddle_pct em_iv_pct dte event_move_implied iv_crush_pct event_vol_fraction parkinson_rv_10d parkinson_rv_20d parkinson_rv_60d cc_rv_10d cc_rv_20d vol_of_vol_20d iv_rv_ratio_20d iv_rv_ratio_60d iv_cc_rv_ratio_20d rv_term_ratio volume_ratio_20d drift_5d hist_move_avg_4q hist_move_med_4q hist_move_std_4q hist_move_avg_8q hist_move_med_8q hist_event_count hist_straddle_accuracy iv_rank hv_rank iv_mom_week iv_mom_month vix_current vix_change_30d vix_pct_252d spy_drift_60d tlt_spy_ratio_30d log_spot timing_bmo timing_amc earnings_month earnings_dow
feature_infos=[0.0562:9.827300000000001] [0.00083333333333333339:1.6799999999999997] [0.0091011673193795578:3.656330081739084] [1:60] [0:1.4691042020914447] [-3.8580100290314063:0.85581277028745872] [0.034672503568223635:67.109823252533587] [0.01134305909982487:2.8641721286455586] [0.013894109765131739:2.0282327051980693] [0.016989524212388089:1.5539472798357257] [0.0011017543739895795:11.594960128394431] [0.00077905798904997125:13.8827006001165] [0.0026076256319010121:1.389272370927521] [0.1662869210082179:148.89574118624122] [0.20733930042845336:55.329518350439479] [0.03322120193214638:574.09076896240128] [0.070747435815040532:2.4494897427831788] [0.25291709200552448:11.592494971460599] [-0.7543637095495408:0.30175159235668803] [0:0.60000000000000009] [0:0.60000000000000009] [6.3925998781312683e-05:0.74631856464742785] [0:0.60000000000000009] [0:0.60000000000000009] [0:19] [0.0014688435681595078:71.73913043478268] [0:1] [-4.8571428571426418:2.1056533827618167] [-0.92139999999999989:1.0115000000000001] [-1.9800000000000002:0.52549999999999997] [11.99:52.329999999999998] [-29.849999999999998:24.469999999999999] [0.0039577836411609502:1] [-0.15722837228372288:0.2501611343860779] [-0.19287700174254019:0.23027200357131283] [0.28517894223366247:8.6613853060707111] [0:1] [0:1] [1:12] [0:4]
tree_sizes=1746 1907 1918 1682 1779 1797 1698 1788 1800 1254 1819 1142 1253 1357 1262 1264 1256 1262 1261 1256 1254 1366 1144 1248 1256 1687 1580 1692 1136 1809 1704

Tree=0
num_leaves=15
num_cat=0
split_feature=19 23 8 9 18 8 7 15 30 5 5 35 16 28
split_gain=67.2108 17.8943 17.2176 12.7266 8.85274 8.58988 5.3729 5.30285 4.9216 4.51464 4.49478 3.66018 1.00334 0.629352
threshold=0.039000373644854848 0.02289107489520362 0.11949004068482318 0.28221157438024963 0.033728633052021235 0.22307893578273072 0.16765893372744262 0.78492154115982116 19.385000000000002 0.028072353813920887 0.087916222688572021 4.8949625239477585 1.0324666683669752 -0.062699999999999992
decision_type=8 10 8 8 8 10 10 8 10 8 10 2 10 8
left_child=1 4 12 8 5 -1 10 -5 -4 -6 -3 -8 -2 -14
right_child=2 6 3 7 9 -7 11 -9 -10 -11 -12 -13 13 -15
leaf_value=0.01944083256226262 0.018665012952710905 0.020445537966611162 0.021014258721266756 0.020249381433667304 0.020846837058281484 0.020209431417405947 0.020160721441367803 0.022171565242120862 0.020180154890163039 0.018989171635734735 0.019528670763492427 0.020964236034392368 0.019448705692916041 0.0215091573670536
leaf_weight=559.50756149273366 32.858887339942157 91.517448164988309 1546.5298776039854 197.19628421775997 24.980378401465714 319.39896885259077 944.183498730883 3622.778185847681 486.25604848610237 218.66539601562545 151.49469010159373 449.07702749595046 2.7167145572602749 3.7423853646032503
leaf_count=3512 148 618 9551 1162 162 1964 4192 15514 2032 961 1081 1761 20 310
internal_value=0.020689 0.00713471 0.027025 0.0275016 -0.00311187 0.0019437 0.0142048 0.0310791 0.0207473 -0.0210621 -0.000279998 0.016779 -0.0420235 0.00942867
internal_weight=8650.9 2758.82 5892.08 5852.76 1122.55 878.907 1636.27 3819.97 2032.79 243.646 243.012 1393.26 39.318 6.4591
internal_count=42988 14251 28737 28259 6599 5476 7652 16676 11583 1123 1699 5953 478 330
is_linear=0
shrinkage=1


Tree=1
num_leaves=16
num_cat=0
split_feature=22 9 28 22 26 30 27 1 22 9 5 35 10 18 7
split_gain=64.7945 15.8633 9.2373 8.84378 8.18728 8.02657 7.81949 8.4406 7.03648 6.80165 4.90253 4.89494 4.63918 4.47151 3.99384
threshold=0.036717974711978824 0.21146729655867674 -0.078649999999999984 0.023478770814444768 0.19170254193387043 19.385000000000002 0.19616252663928738 0.11072077922077923 0.072536758637040261 0.20680400217007402 0.57671031355241886 5.6242881688826687 0.18737578196390761 0.03425955852426444 0.18895555718551968
decision_type=8 8 10 10 8 8 8 2 10 10 8 2 8 10 8
left_child=3 2 10 6 14 13 12 -8 -6 -4 -2 -7 -1 -5 -3
right_child=1 4 9 5 8 11 7 -9 -10 -11 -12 -13 -14 -15 -16
leaf_value=-0.001273734629222503 -0.0017386736314758508 -0.0019255132611194295 -9.6926517018473064e-05 -0.00022053632445202665 0.0004500599125772418 -0.0009988969197957929 -0.001500020557004905 -7.7610747113939817e-05 0.0016466094547056929 -0.00098595368348517939 -0.00030636219153511326 0.00023158827490602843 0.00024153803100324106 -0.0010713343254044336 -0.00054431834112385964
leaf_weight=150.1057614358142 36.159698121715337 23.564302016049623 495.35784347169101 833.29170461278409 3034.8272158631589 431.87102010240778 385.69579775165766 69.656765292864293 2519.0323613928631 106.77226594928652 13.583229142241178 35.887246988713741 107.38042548438534 151.51277665700763 256.20493839052506
leaf_count=924 207 138 4368 4388 14003 1874 2357 544 10405 478 76 178 790 758 1500
internal_value=-0.000120863 0.0051312 -0.0103883 -0.0158794 0.00687652 -0.0110914 -0.025542 -0.0338876 0.00776747 -0.00666179 -0.0540429 -0.0224782 -0.0105244 -0.00561565 -0.0105781
internal_weight=8650.9 6485.5 651.873 2165.4 5833.63 1452.56 712.839 455.353 5553.86 602.13 49.7429 467.758 257.486 984.804 279.769
internal_count=42988 31175 5129 11813 26046 7198 4615 2901 24408 4846 283 2052 1714 5146 1638
is_linear=0
shrinkage=0.105172


Tree=2
num_leaves=16
num_cat=0
split_feature=23 9 27 9 12 28 1 11 18 10 17 8 27 17 16
split_gain=46.4965 16.5202 10.5801 8.17813 7.6275 7.4103 6.9614 5.92144 5.21893 4.64054 3.67462 3.25995 3.02676 2.54356 2.51062
threshold=0.02289107489520362 0.21520314226226786 0.18650026471216596 0.36638731796430013 0.020717554022251377 -0.0070499999999999998 0.093344298245614063 0.15327066239926077 0.038337282565523052 0.49426619883650508 0.93134045355456563 0.16456242843656538 0.912349262523242 0.68196586126892889 1.1196478804983998
decision_type=8 8 8 10 10 10 2 10 8 10 10 10 10 10 10
left_child=2 4 7 9 5 -2 8 11 -4 -3 -9 -1 -5 -6 -8
right_child=1 3 6 12 13 -7 14 10 -10 -11 -12 -13 -14 -15 -16
leaf_value=-0.0010024659643588785 -0.0015558141877262974 0.00034086166307997003 -0.00098426672647180472 0.0016834929294099166 -0.0012295277757647404 -0.00078472490677218858 -0.00022866112964143039 0.00074773199917466885 -0.0015239487270260273 -0.00069887956447179669 -0.00081197935821100404 -0.0015751322266697705 -1.7724035891896617e-05 -9.4296047308710233e-05 -0.0010109068617681135
leaf_weight=94.952684231102467 82.813981328159571 3896.8728835126385 453.57259234134108 1837.4764799228869 71.646155281923711 143.14969843253493 139.13204390974715 147.71749717835337 123.65572227537632 294.82112129405141 175.50067213131115 38.29309490416199 237.66101411916316 824.46823581354693 89.169475996866822
leaf_count=656 498 18558 2784 6870 560 1128 922 820 493 1173 880 138 1304 5612 592
internal_value=-6.85165e-05 0.0031108 -0.0187311 0.00522139 -0.00861952 -0.0259339 -0.0260017 -0.00575688 -0.0322007 0.00252818 0.00175522 -0.0244304 0.0106304 -0.00417866 -0.0100387
internal_weight=8650.9 7388.91 1261.99 6266.83 1122.08 225.964 805.53 456.464 577.228 4191.69 323.218 133.246 2075.14 896.114 228.302
internal_count=42988 35703 7285 27905 7798 1626 4791 2494 3277 19731 1700 794 8174 6172 1514
is_linear=0
shrinkage=0.105172


Tree=3
num_leaves=14
num_cat=0
split_feature=22 8 22 34 24 18 12 7 28 26 9 26 20
split_gain=42.9474 14.412 8.51538 7.80782 8.51612 7.91473 11.4447 5.90328 4.79773 3.86797 3.83411 3.2194 0.0106152
threshold=0.036717974711978824 0.11949004068482318 0.057647658780766442 0.012179855991299894 12.500000000000002 0.0013095422151165883 0.083206999105996729 0.14590603292140883 -0.093600000000000003 0.15839123370189842 0.26829720002905511 0.16782469855967741 0.036837490239039185
decision_type=8 8 10 8 2 10 10 10 10 8 8 10 10
left_child=3 11 10 4 7 8 -7 -1 -5 -4 -3 -2 -13
right_child=1 2 9 5 -6 6 -8 -9 -10 -11 -12 12 -14
leaf_value=-0.0013532751966714119 -0.0016471396406637002 -0.00038245412605629242 -0.0017859882279697157 -0.0014103993481519202 -0.0014695499171858779 -0.001495954156059312 0.00046216414740988886 -0.00042654057480932068 -0.00017127600540566197 0.0010434768887598988 0.00028547475891291355 0.00082394517547337712 -0.0017365018592475042
leaf_weight=145.1241525458172 30.186992274597287 1224.5905602234416 78.165597359184176 40.172185691073537 39.195741148665547 173.88190054520965 44.69444821216166 1541.379184495192 180.95388568751514 3889.8940505003557 1255.956899295561 3.1564664999023071 3.551288194488734
leaf_count=1128 200 6524 542 236 46 538 304 8401 1160 17038 6573 12 286
internal_value=-6.5262e-06 0.00426807 0.00465298 -0.0128377 -0.00958906 -0.0254346 -0.0397336 -0.00841536 -0.0109938 0.00767492 -0.000155869 -0.0609954 0
internal_weight=8650.9 6485.5 6448.61 2165.4 1725.7 439.702 218.576 1686.5 221.126 3968.06 2480.55 36.8947 6.70775
internal_count=42988 31175 30677 11813 9575 2238 842 9529 1396 17580 13097 498 298
is_linear=0
shrinkage=0.105172


Tree=4
num_leaves=15
num_cat=0
split_feature=19 8 23 9 27 4 24 10 8 24 26 5 9 16
split_gain=33.0019 16.2606 10.3814 7.20193 6.38894 6.09128 4.92922 4.5137 4.4746 4.07611 2.99616 2.96233 2.54738 0.127872
threshold=0.039000373644854848 0.11949004068482318 0.022680160546087489 0.36638731796430013 0.17865350022884266 0.25651665749405894 12.500000000000002 1.0631843515748887 0.20131355707936086 11.500000000000002 0.16782469855967741 0.13914886600664794 0.27903522472858255 0.85665169827707965
decision_type=10 8 8 8 10 10 2 10 10 2 10 10 10 10
left_child=2 10 4 7 8 9 -6 -3 -1 -4 -2 -5 -7 -12
right_child=1 3 5 11 6 12 -8 -9 -10 -11 13 -13 -14 -15
leaf_value=-0.00090200958162128515 -0.0014588088338452555 0.00022602860566507067 -0.00049372734446538342 0.00076870318148281459 -0.00086273621185728661 -0.0015008388730027623 -0.0013149947001778925 -0.0016609193878352278 0.0002669943448659947 0.00015803577243354871 -0.001806520497910817 0.0021693256108595393 -0.00062158013629692139 0.00073728937432724761
leaf_weight=214.60664118966088 32.445946195162833 3713.718630284071 1028.4986148341559 974.59611206268892 710.1676099342294 28.308423472568393 20.417108397930861 16.98380958288908 149.09373831842095 608.29634857177734 1.8677020948380221 1124.7369677447714 22.196429315023124 4.9692706749774516
leaf_count=1368 186 18749 8018 3563 4360 112 25 36 730 864 46 4625 74 232
internal_value=1.55622e-05 0.00449472 -0.00941269 0.00496006 -0.0174087 -0.0041882 -0.0231074 0.00216525 -0.00578172 -0.00303411 -0.0626707 0.00989597 -0.0401988 0
internal_weight=8650.9 5869.32 2781.58 5830.04 1094.29 1687.3 730.585 3730.7 363.7 1636.79 39.2829 2099.33 50.5049 6.83697
internal_count=42988 27437 15551 26973 6483 9068 4385 18785 2098 8882 464 8188 186 278
is_linear=0
shrinkage=0.105172


Tree=5
num_leaves=15
num_cat=0
split_feature=22 8 22 18 20 38 16 14 26 34 27 26 16 16
split_gain=29.4963 18.1947 9.1537 6.02475 6.79575 5.83848 5.15186 4.96263 4.01568 3.86868 3.38542 3.14101 2.89065 0.186016
threshold=0.03072060875318821 0.11949004068482318 0.057647658780766442 0.011820556333060452 0.013472158453237711 3.5000000000000004 1.1196478804983998 3.5428165225344048 0.19170254193387043 0.032787478526565723 0.15181161923183203 0.16782469855967741 0.80476476610281311 0.85665169827707965
decision_type=8 8 10 8 10 2 8 10 8 10 10 10 10 10
left_child=3 11 7 5 6 9 -5 -3 -4 -1 -6 -2 -7 -13
right_child=1 2 8 4 10 12 -8 -9 -10 -11 -12 13 -14 -15
leaf_value=0.00031859836307190231 -0.0013053832759575194 3.2257353618552564e-05 -0.00074915189618148512 -0.00098933985942631407 3.9894734867716749e-05 -0.0013999971053097382 -0.0012478864331431096 -0.00072246908295721271 0.00086162563889944125 -0.0011391343948483315 -0.00095872297082037826 -0.0016165254767694808 -0.0006485498162462171 0.00065974732018250477
leaf_weight=293.64033365435898 37.435103451833129 2831.8565926887095 146.5438930047676 96.39245771151036 135.17728679813445 68.165473908185959 84.22150723496452 287.09916977770627 3821.5157548547722 36.172376811504364 397.54636193485931 2.3981566512957206 407.50090716406703 5.2379770264960825
leaf_count=1106 230 14754 862 591 530 610 434 1537 16718 56 1810 64 3406 280
internal_value=-8.38178e-05 0.00274289 0.00317577 -0.0133978 -0.0204829 -0.00704166 -0.0383174 -0.00107017 0.00652897 0.00355744 -0.0143067 -0.0636672 -0.0145221 0
internal_weight=8650.9 7132.09 7087.02 1518.82 713.338 805.479 180.614 3118.96 3968.06 329.813 532.724 45.0712 475.666 7.63613
internal_count=42988 34445 33871 8543 3365 5178 1025 16291 17580 1162 2340 574 4016 344
is_linear=0
shrinkage=0.105172


Tree=6
num_leaves=14
num_cat=0
split_feature=22 8 27 12 9 0 35 34 28 27 30 20 34
split_gain=22.3464 13.704 7.65674 6.73056 5.58077 5.3808 5.31103 4.38314 5.04819 4.13101 3.64774 1.04136 0.367426
threshold=0.036717974711978824 0.11949004068482318 0.35475165244801798 0.037294570937094186 0.28966896349152266 0.50252500000000011 3.2134611719489397 0.032787478526565723 -0.019049999999999994 0.37951805664781751 20.285000000000004 0.040435857245591823 -0.018181590198530048
decision_type=10 8 10 8 8 2 2 10 10 10 10 10 10
left_child=2 11 7 10 6 -6 -3 8 -1 -5 -4 -2 -13
right_child=1 4 3 9 5 -7 -8 -9 -10 -11 -12 12 -14
leaf_value=-0.00081053617008888996 -0.00086891272286915278 -0.00091359885575698204 -0.0009917959560199164 -0.0014101172009605091 6.568930636552388e-06 0.0011377095248153272 9.8033524844957522e-05 -0.0013517048656311156 2.5950493257479292e-05 -0.00057885828185125449 -0.0011084851796153582 -0.0011831919189740775 -0.0012187619494084243
leaf_weight=396.23858200013638 5.358089958317577 249.60762724187225 165.18139727786183 36.01034018676728 1169.7609222778119 2696.8629942983389 2309.650687079411 39.766632337123156 1008.2190629609395 483.96566078276373 58.77976755797863 5.7697493140585747 25.731839399784803
leaf_count=2033 54 1482 1334 216 5107 10517 12285 70 6090 3188 182 362 68
internal_value=2.45243e-05 0.00314214 -0.00915397 -0.017851 0.00351903 0.00604123 -0.000267069 -0.00462859 -0.00360139 -0.0110956 -0.0332316 -0.0605517 -0.0681755
internal_weight=8650.9 6462.74 2188.16 743.937 6425.88 3866.62 2559.26 1444.22 1404.46 519.976 223.961 36.8597 31.5016
internal_count=42988 29875 13113 4920 29391 15624 13767 8193 8123 3404 1516 484 430
is_linear=0
shrinkage=0.105172


Tree=7
num_leaves=15
num_cat=0
split_feature=22 8 22 18 31 24 28 33 34 26 10 26 26 16
split_gain=18.918 17.7879 6.12216 5.87982 5.1723 7.06778 4.44503 4.14406 6.00271 3.4172 3.28279 3.14976 1.00065 0.18745
threshold=0.03072060875318821 0.11949004068482318 0.057647658780766442 0.033728633052021235 4.4900000000000011 11.500000000000002 -0.057900000000000028 0.088461903506990028 -0.013252614868770605 0.19170254193387043 0.23728857026655964 0.15054053858760283 0.28980875295854774 0.85665169827707965
decision_type=8 8 10 10 8 2 8 10 8 8 10 10 8 10
left_child=3 11 6 7 5 -5 -3 8 -1 -4 -9 -2 -6 -13
right_child=1 2 9 4 12 -7 -8 10 -10 -11 -12 13 -14 -15
leaf_value=0.00024954809664455655 -0.0010399143670733863 -0.00092543704804468442 -0.00079001720324680172 -0.00088091780886607486 0.00022092043846275102 -0.00094828731836340803 9.483201009945768e-06 -0.00086866408449287657 -0.00059470836078486596 0.00071952238401085729 7.1035243080943436e-05 -0.0013183331810820448 -0.00065176169703857914 0.00068174562308105722
leaf_weight=371.83806538349018 37.394675019197166 167.34755508694798 146.5438930047676 112.83681545499712 29.307000690605491 155.77095174789429 2951.6082073794678 200.27470628079027 553.79874171689153 3821.5157548547722 66.874325402081013 2.3981566512957206 28.116098540835083 5.2784054591320455
leaf_count=2387 214 1034 862 908 92 207 15257 1512 2725 16718 550 64 162 296
internal_value=0 0.00226857 0.00269676 -0.010658 -0.0232582 -0.0294132 -0.000772135 -0.00715797 -0.00374037 0.0054392 -0.0187525 -0.0634036 0.00443795 0
internal_weight=8650.9 7132.09 7087.02 1518.82 326.031 268.608 3118.96 1192.79 925.637 3968.06 267.149 45.0712 57.4231 7.67656
internal_count=42988 34445 33871 8543 1369 1115 16291 7174 5112 17580 2062 574 254 360
is_linear=0
shrinkage=0.105172


Tree=8
num_leaves=15
num_cat=0
split_feature=22 8 24 21 18 24 15 7 17 20 34 26 21 16
split_gain=16.9486 15.8017 6.12745 7.46995 4.70951 4.63616 4.84013 4.42244 4.15764 3.77266 3.02955 2.79986 0.648269 0.18745
threshold=0.03072060875318821 0.11949004068482318 11.500000000000002 0.039689567432973936 0.033728633052021235 10.500000000000002 1.5453626642625311 0.20123264462881266 0.90700042408920545 0.042564506215440563 0.02869091552792025 0.15054053858760283 0.012683893591770608 0.85665169827707965
decision_type=8 8 2 10 10 2 10 8 10 10 10 10 10 10
left_child=4 11 3 -3 7 12 -7 10 -4 -9 -1 -2 -6 -13
right_child=1 2 8 -5 5 6 -8 9 -10 -11 -12 13 -14 -15
leaf_value=-0.00052648984861137713 -0.00093054469626932914 -0.00029152812678293381 0.00080312018070615094 0.00053622919015645183 0.00023619947991517082 -0.00096465160166109168 -0.00051227380801712353 5.95820072984262e-05 0.00024488336574630579 -0.00077576193220966886 -0.0011469970737569835 -0.0011796817011233748 -0.00048994610966052242 0.00061004520549925057
leaf_weight=551.64479705458507 37.394675019197166 2227.5411152997985 994.03223288059235 2448.3461612523533 29.679704968351871 129.10351133346558 108.54503387212753 609.03718617837876 1417.0959008932114 14.955536782741545 17.148318767547607 2.3981566512957206 58.702616260387003 5.2784054591320455
leaf_count=3689 214 16242 1378 14225 334 189 158 3385 2026 46 54 64 688 296
internal_value=-0.000138972 0.0020019 0.00240599 0.000171367 -0.0102328 -0.021528 -0.0291767 -0.0070896 0.00671304 -0.000866153 -0.0138035 -0.0598951 -0.000230211 0
internal_weight=8650.9 7132.09 7087.02 4675.89 1518.82 326.031 237.649 1192.79 2411.13 623.993 568.793 45.0712 88.3823 7.67656
internal_count=42988 34445 33871 30467 8543 1369 347 7174 3404 3431 3743 574 1022 360
is_linear=0
shrinkage=0.105172


Tree=9
num_leaves=10
num_cat=0
split_feature=7 22 27 27 1 6 11 17 5
split_gain=15.1216 12.9613 6.29495 5.53716 4.80918 3.65425 3.56397 2.18227 0.110761
threshold=0.055067478884503709 0.03583212916431873 0.35475165244801798 0.43484841760162302 0.13753378378378381 0.49677510538659331 0.14623309462136069 0.49020572179017846 0.24877149907481841
decision_type=8 10 10 10 2 8 8 8 10
left_child=8 2 6 -4 5 -3 -2 -6 -1
right_child=1 4 3 -5 7 -7 -8 -9 -10
leaf_value=-0.0011301479214515324 -0.00067297531891755808 -0.001259764208841362 -0.00084646798335547208 -0.00053960063988780832 -0.00024991381050996491 4.9263385674180335e-05 -7.2603295885645245e-05 0.0010680011778864576 -0.00088334581964804085
leaf_weight=18.184649637434632 191.15526211680844 55.316662160679698 203.28299311338924 512.44541799882427 53.083852230105549 4610.2651100303046 1167.6979901886079 1816.3867670916952 23.084648105315864
leaf_count=76 1312 292 1112 3620 256 22724 6493 7015 88
internal_value=-0.000288682 9.07783e-06 -0.0072257 -0.0152286 0.0023156 0.000494899 -0.00296249 0.00682517 -0.0636595
internal_weight=8650.9 8609.63 2074.58 715.728 6535.05 4665.58 1358.85 1869.47 41.2693
internal_count=42988 42824 12537 4732 30287 23016 7805 7271 164
is_linear=0
shrinkage=0.105172


Tree=10
num_leaves=15
num_cat=0
split_feature=9 10 19 26 30 31 33 26 19 9 16 22 5 39
split_gain=13.7108 6.75631 6.33992 4.67802 4.37063 4.04511 3.96061 5.64179 4.00583 3.76157 6.56282 6.00472 3.16604 1.05255
threshold=0.21417214383033875 0.077097849898065174 0.047036268284519463 0.15839123370189842 19.385000000000002 2.8350000000000013 0.015934083287543647 0.21860131361191562 0.045603459551159055 0.20680400217007402 0.90002200830871326 0.019972008355519957 0.14108322457053454 1.5000000000000002
decision_type=8 10 8 8 10 8 10 8 10 10 10 10 10 2
left_child=1 5 6 4 -4 -1 8 -8 -2 11 -11 -3 -5 -7
right_child=2 9 3 12 -6 13 7 -9 -10 10 -12 -13 -14 -15
leaf_value=-0.00079044274554883624 -0.00046569716858927887 -0.00056922292350040688 -0.00075861367941142794 9.9798449523394171e-05 -0.0017313595764204752 0.00054070453105712496 -0.00060062031158547309 0.00026269946504531001 -0.0014299771107569581 0.0012619808353606105 -0.00066649424141280729 -0.00010995992751657416 0.00092329641708089303 -0.00079793440664315787
leaf_weight=29.774814665317535 804.43399740522727 253.47354186838493 74.574559014290571 1942.7331985307392 32.404224881902337 11.016726968344303 255.96538366843015 1256.9985048491508 35.223179861903191 68.188662819564342 196.12437054980546 1144.8462810455821 2537.9786842328031 7.1672223117202511
leaf_count=136 3762 1914 706 8022 114 76 1240 5715 132 488 812 7794 11857 220
internal_value=-0.000209885 -0.00864958 0.00186133 0.00414285 -0.0174499 -0.0477396 -0.00256084 0.000615197 -0.00835783 -0.00747892 -0.0190727 -0.00524005 0.00467318 -0.00472688
internal_weight=8650.9 1710.59 6940.31 4587.69 106.979 47.9588 2352.62 1512.96 839.657 1662.63 264.313 1398.32 4480.71 18.1839
internal_count=42988 11440 31548 20699 820 432 10849 6955 3894 11008 1300 9708 19879 296
is_linear=0
shrinkage=0.105172


Tree=11
num_leaves=9
num_cat=0
split_feature=7 19 24 17 9 24 23 26
split_gain=15.5473 10.8985 4.77363 5.85016 4.86435 3.1664 3.24219 3.03146
threshold=0.10022424970322298 0.039000373644854848 11.500000000000002 0.837891045538674 0.36257391931489885 12.500000000000002 0.062501598407073214 0.15054053858760283
decision_type=8 10 2 10 10 2 10 10
left_child=7 5 4 -4 -3 6 -2 -1
right_child=1 2 3 -5 -6 -7 -8 -9
leaf_value=-0.00070731045542246033 -0.00030924276818388206 -0.00016618973062030895 0.0011451981995160717 0.00020146712257376636 0.00067773386524248218 -0.00053266923973951225 -0.0006758580670570396 -0.00092815593475523606
leaf_weight=40.01430341694504 2691.4076858311892 2490.6889934637584 650.54472553730011 1342.8558820486069 1352.6537233362906 54.722004743292928 13.451583534479139 14.564450761303304
leaf_count=178 15270 17511 891 1914 6951 63 60 150
internal_value=-0.000147057 0.000201467 0.00278344 0.00696255 0.000599212 -0.00523654 -0.00470098 -0.056013
internal_weight=8650.9 8596.32 5836.74 1993.4 3843.34 2759.58 2704.86 54.5788
internal_count=42988 42660 27267 2805 24462 15393 15330 328
is_linear=0
shrinkage=0.105172


Tree=12
num_leaves=10
num_cat=0
split_feature=7 1 22 34 24 22 23 39 5
split_gain=15.0808 8.67918 7.34064 5.65181 4.0577 3.12281 3.03082 2.23837 0.121398
threshold=0.055067478884503709 0.10525657894736844 0.029875315546091161 0.032787478526565723 11.500000000000002 0.072536758637040261 0.052735767084536124 3.5000000000000004 0.25008561865827394
decision_type=8 2 8 10 2 10 8 2 10
left_child=8 2 3 -2 -4 6 -3 -7 -1
right_child=1 5 4 -5 -6 7 -8 -9 -10
leaf_value=-0.00083054009997770911 -0.00041302001959531647 0.0001477140501574019 -0.00021634004159874529 -0.00097464119769223405 0.00025337870920291467 0.00098439168990370495 -0.0005792676205468735 -0.00065480353552745043 -0.00063292133828435359
leaf_weight=18.225860127713531 1086.4239974101074 1320.2530867494643 2317.7202413459308 66.775665424764156 1286.8081893324852 1991.6892587901093 460.94490804662928 79.018707830924541 23.043437615036964
leaf_count=82 6165 6204 17570 212 1825 8043 2399 406 82
internal_value=-0.000269362 2.79862e-05 -0.00296915 -0.0102756 -0.000613655 0.0037463 0.000479 0.00652599 -0.063555
internal_weight=8650.9 8609.63 4757.73 1153.2 3604.53 3851.91 1781.2 2070.71 41.2693
internal_count=42988 42824 25772 6377 19395 17052 8603 8449 164
is_linear=0
shrinkage=0.105172


Tree=13
num_leaves=11
num_cat=0
split_feature=10 22 15 28 9 22 26 38 24 35
split_gain=12.7215 7.67392 4.09129 4.08499 5.25228 4.46781 3.94647 3.81044 3.03378 0.288336
threshold=0.061255760382018624 0.057647658780766442 0.78492154115982116 -0.041099999999999991 0.32016541657157555 0.056691090969410822 0.15054053858760283 2.5000000000000004 11.500000000000002 4.5262351744796705
decision_type=8 10 8 8 8 10 10 2 2 2
left_child=6 3 7 4 -2 -5 -1 -3 -4 -8
right_child=1 2 8 5 -6 -7 9 -9 -10 -11
leaf_value=-0.00056635585885181675 -0.00063382200859332552 -0.0010062406747279042 0.00022599165624604989 -9.2519919580446891e-05 0.00037521445191428314 -0.0011088617915353462 -0.0007431906987190567 -0.00045898983132390363 0.00076300026772978171 0.0018129360684921642
leaf_weight=36.349332236219198 300.79499310161918 34.205006889998913 2536.7325969873928 4093.2637872400228 132.01275204285048 101.26910953875631 6.3704264010302705 102.93058054707944 1300.5600311756134 6.4147365125827491
leaf_count=166 1519 104 15199 21985 936 438 72 658 1825 86
internal_value=-0.000418461 -0.000105722 0.00327613 -0.00302407 -0.0127772 -0.00200213 -0.0536847 -0.0144639 0.00392724 0
internal_weight=8650.9 8601.77 3974.43 4627.34 432.808 4194.53 49.1345 137.136 3837.29 12.7852
internal_count=42988 42664 17786 24878 2455 22423 324 762 17024 158
is_linear=0
shrinkage=0.105172


Tree=14
num_leaves=10
num_cat=0
split_feature=7 9 22 22 5 18 18 19 5
split_gain=15.0553 7.07589 5.02191 5.72602 3.58913 3.58155 5.42918 2.18096 0.121398
threshold=0.055067478884503709 0.36638731796430013 0.023478770814444768 0.023108252651980594 0.14479424804487498 -0.035222849135228822 -0.030075558682723987 0.031471976599518052 0.25008561865827394
decision_type=8 10 10 10 10 10 10 8 10
left_child=8 2 3 -2 -4 7 -7 -3 -1
right_child=1 5 4 -5 -6 6 -8 -9 -10
leaf_value=-0.00066502799163742213 -0.00032103666039194601 -4.0255904801656714e-05 -0.00019960820594937847 -0.00090825293280532508 0.00017115767988378763 -0.0013989312886124698 0.00043150976284078572 0.0019701469025654159 -0.00050679119102739283
leaf_weight=18.225860127713531 670.02913093147799 24.084027871489525 2895.2789613786153 40.291331391781569 2891.0757206408307 67.026865307241678 1393.8466796162538 628.00133779272437 23.043437615036964
leaf_count=82 5549 128 13723 164 14872 242 6054 2092 82
internal_value=-0.000323258 -1.1488e-05 -0.0017383 -0.0100896 -0.000701914 0.0052677 0.00232014 0.0117718 -0.063555
internal_weight=8650.9 8609.63 6496.68 710.32 5786.35 2112.96 1460.87 652.085 41.2693
internal_count=42988 42824 34308 5713 28595 8516 6296 2220 164
is_linear=0
shrinkage=0.105172


Tree=15
num_leaves=10
num_cat=0
split_feature=7 22 22 26 10 31 21 23 33
split_gain=14.1645 5.66857 5.72565 4.06004 5.95215 3.80305 3.24571 0.734308 0.328713
threshold=0.055067478884503709 0.023478770814444768 0.023108252651980594 0.43594980727333671 0.84428498067521296 3.7500000000000013 0.0047743742537251811 0.020422631045584259 0.033575259965056621
decision_type=8 8 10 10 10 8 8 10 10
left_child=8 2 6 4 -3 -5 -2 -4 -1
right_child=1 3 7 5 -6 -7 -8 -9 -10
leaf_value=-0.00035434768956160294 -0.00094107340552662493 -6.1555432072547706e-05 -0.0003095017449732896 0.00052131936044536346 -0.0011339066771110327 -0.00011724486506797514 -0.00019350167550285418 -0.00097347940323453872 -0.00059508579752622635
leaf_weight=18.476605699863285 36.000825925730169 4005.6136674196459 21.67942177131772 2706.5895159742795 35.813900798559189 1153.6673725759611 631.62889292975888 18.640457535162568 22.792692042887211
leaf_count=68 247 17330 86 14577 140 6188 4174 82 96
internal_value=-0.000630828 -0.000328157 -0.00934699 0.000472083 -0.00184826 0.00291767 -0.0069049 -0.0480111 -0.0619712
internal_weight=8650.9 8609.63 707.95 7901.68 4041.43 3860.26 667.63 40.3199 41.2693
internal_count=42988 42824 4589 38235 17470 20765 4421 168 164
is_linear=0
shrinkage=0.105172


Tree=16
num_leaves=10
num_cat=0
split_feature=7 8 30 5 8 31 12 17 27
split_gain=12.3713 5.54094 6.00395 9.37158 4.51994 2.9349 4.62028 4.44514 0.637197
threshold=0.055067478884503709 0.31594984810272692 19.385000000000002 0.13169331416654792 0.31236618249203324 2.9400000000000017 0.036510601601343402 1.2888065432792823 0.0046389097710596355
decision_type=8 8 10 8 10 10 8 10 8
left_child=8 2 4 -4 -2 6 -3 -7 -1
right_child=1 5 3 -5 -6 7 -8 -9 -10
leaf_value=-0.00034549320347247796 -8.1317559659697571e-06 -0.0016717113934918036 -0.00063554364386408414 -0.00031100016615990829 -0.0014252144713294212 -0.00040880034432613831 0.0005601541739094721 0.0014500510740488603 -0.00060939317886293375
leaf_weight=20.454874298069626 3838.5552259818651 65.451255578547716 354.92284929519519 824.54502542316914 52.47671664506197 1049.8863106602803 2179.3131053508259 244.48356599546969 20.81442344468087
leaf_count=72 22804 333 1294 3472 214 4064 10005 638 92
internal_value=-0.000623138 -0.000339786 -0.00257536 -0.0091516 -0.000565366 0.00284522 0.00514993 -0.00110306 -0.0579509
internal_weight=8650.9 8609.63 5070.5 1179.47 3891.03 3539.13 2244.76 1294.37 41.2693
internal_count=42988 42824 27784 4766 23018 15040 10338 4702 164
is_linear=0
shrinkage=0.105172


Tree=17
num_leaves=10
num_cat=0
split_feature=7 9 22 22 28 21 11 20 26
split_gain=11.766 6.05709 4.35634 5.65217 3.37508 2.21135 4.28406 2.74177 0.69665
threshold=0.055067478884503709 0.36638731796430013 0.023478770814444768 0.023108252651980594 -0.057900000000000028 0.037861036266997522 0.77999997552052591 0.07032732579041874 0.17241815401774183
decision_type=8 10 10 10 8 8 10 10 8
left_child=8 2 3 -2 -4 6 -3 -7 -1
right_child=1 5 4 -5 -6 7 -8 -9 -10
leaf_value=-0.00038413294454103911 -0.00024381592235221339 0.00025381928501162272 -0.00055159387679237705 -0.00075000360190817419 -2.0759937574798746e-05 0.0011567366709985475 -0.0014514054757292975 0.00048085405876859786 -0.0002807441597808154
leaf_weight=22.211239649448544 670.02913093147799 446.08113567531109 305.8715237909928 40.291331391781569 5480.4831582284532 559.92979176342487 76.045995011925697 1030.9019881370477 19.058058093301952
leaf_count=80 5549 1955 1612 164 26983 2216 392 3953 84
internal_value=-0.000513006 -0.000236504 -0.00183438 -0.0096152 -0.000868025 0.00464627 -0.00119047 0.00660159 -0.0564183
internal_weight=8650.9 8609.63 6496.68 710.32 5786.35 2112.96 522.127 1590.83 41.2693
internal_count=42988 42824 34308 5713 28595 8516 2347 6169 164
is_linear=0
shrinkage=0.105172


Tree=18
num_leaves=10
num_cat=0
split_feature=7 1 18 23 24 16 18 8 26
split_gain=9.97276 4.83255 3.92315 6.6823 6.06033 2.71077 6.21646 2.47177 1.52862
threshold=0.055067478884503709 0.10525657894736844 0.032664944773658118 0.022335044594679835 11.500000000000002 1.1948418097073796 -0.050914175524176757 0.28698709622367952 0.17241815401774183
decision_type=8 2 10 10 2 8 8 10 8
left_child=8 2 4 -4 -2 7 -7 -3 -1
right_child=1 5 3 -5 -6 6 -8 -9 -10
leaf_value=-0.00034373298948735362 -0.00023531854043102091 -8.5103093905725225e-05 -0.00046824782334783715 -0.00022400882349441493 0.00028858169938912078 0.0011554820009926361 -0.00051886652112386811 0.00054901993647618358 -0.00025121778981460204
leaf_weight=22.211239649448544 2474.9122848627158 832.24726181104779 216.4856239031069 810.20574849750847 1256.1244362499565 213.89905515871942 608.27304330887273 2197.4866011384875 19.058058093301952
leaf_count=80 19196 4405 884 3879 1813 770 3093 8784 84
internal_value=-0.000507405 -0.000252254 -0.00250086 -0.00826505 -0.000897433 0.00250872 -0.00280178 0.00397076 -0.051978
internal_weight=8650.9 8609.63 4757.73 1026.69 3731.04 3851.91 822.172 3029.73 41.2693
internal_count=42988 42824 25772 4763 21009 17052 3863 13189 164
is_linear=0
shrinkage=0.105172


Tree=19
num_leaves=10
num_cat=0
split_feature=7 22 30 26 9 23 27 20 30
split_gain=7.54697 4.98028 3.86646 8.45818 3.8482 3.68605 4.88882 3.04573 1.1559
threshold=0.055067478884503709 0.099950696301369768 18.625000000000004 0.15054053858760283 0.42912813656848997 0.17949840264952202 0.12422979208237268 0.086797454993366038 16.415000000000003
decision_type=8 10 10 8 10 10 8 10 10
left_child=8 2 4 -4 -2 7 -7 -3 -1
right_child=1 5 3 -5 -6 6 -8 -9 -10
leaf_value=-0.00022479676146640258 -1.4087432084627879e-05 0.0021254287168423051 -0.00081696448660991512 -0.00021538125000739627 0.0014883172227717458 -0.0018126529882067381 0.0025914897863065409 0.00055674881685092927 -0.00041246117144273727
leaf_weight=19.519510686397552 4416.9399734255858 280.27827915828675 68.438521843403578 2581.4561496204697 262.72272708499804 19.173965655267239 28.611731318291277 952.01270682411268 21.749787056352943
leaf_count=64 23857 1056 288 11934 1092 178 223 4196 100
internal_value=-0.000507408 -0.000284476 -0.00134859 -0.00456068 0.00045688 0.00575848 -0.0225408 0.00691031 -0.0452859
internal_weight=8650.9 8609.63 7329.56 2649.89 4679.66 1280.08 47.7857 1232.29 41.2693
internal_count=42988 42824 37171 12222 24949 5653 401 5252 164
is_linear=0
shrinkage=0.105172


Tree=20
num_leaves=10
num_cat=0
split_feature=7 23 22 17 9 18 12 28 10
split_gain=7.25692 4.03244 4.60434 6.47335 3.90075 5.00734 3.20644 2.71792 2.58483
threshold=0.055067478884503709 0.11035414623182165 0.16670123680376905 1.0010534806584437 0.44408892346955714 0.034911448419074904 0.041600396036520937 0.061550000000000001 1.0631843515748887
decision_type=8 10 10 8 10 10 10 8 10
left_child=7 4 8 -4 5 -2 -6 -1 -3
right_child=1 2 3 -5 6 -7 -8 -9 -10
leaf_value=-0.00037591835889302656 -1.4942051045448472e-05 0.0026724390447466413 -0.0016220130019931704 0.001176764600953362 -0.0023871246027973368 -0.00034447786125769742 0.00075520151351788386 -0.00020115448035378514 -0.00045356785247458923
leaf_weight=21.753236374352127 5787.6362464600243 516.67105427058414 60.771606951951981 58.529479022603482 20.151791234035045 1419.2206675554626 727.07338408846408 19.516061368398368 19.579825347289443
leaf_count=92 30273 2550 357 320 130 6244 2894 72 56
internal_value=-0.000391154 -0.000172424 0.00774543 -0.0106518 -0.000833097 -0.00159012 0.00638228 -0.0442972 0.0119583
internal_weight=8650.9 8609.63 655.552 119.301 7954.08 7206.86 747.225 41.2693 536.251
internal_count=42988 42824 3283 677 39541 36517 3024 164 2606
is_linear=0
shrinkage=0.105172


Tree=21
num_leaves=11
num_cat=0
split_feature=26 19 23 24 35 21 22 1 17 19
split_gain=6.38152 3.56738 3.8677 3.00282 6.53803 2.81156 2.78495 1.7113 1.04619 0.153801
threshold=0.034017336725933364 0.011913764591585831 0.0085299013496202298 11.500000000000002 4.5131645341819207 0.040614690974146377 0.021629584279826256 0.049510999521759934 0.8018807819458138 0.035733442626895075
decision_type=8 8 10 2 2 10 10 2 8 10
left_child=7 2 8 5 -5 -3 -4 -1 -2 -9
right_child=1 3 6 4 -6 -7 -8 9 -10 -11
leaf_value=-0.00064054789837830793 -0.00071806227786662782 -0.00020039452576683792 -0.00042750957592123249 -5.2442384948223651e-05 0.00044322229175698728 0.00011153592483147298 -0.00036812969654971425 0.00019451925091116767 0.00049853221423851429 -0.00017168453723792609
leaf_weight=24.316459791734815 6.0557734547182909 3095.2448174287565 74.379882226698101 1618.895038485527 1333.2221639156342 2413.3800228131004 38.739479389041662 6.5565649033524078 33.41907723294571 6.6940730316564441
leaf_count=72 240 22945 365 2277 1894 13993 200 88 852 62
internal_value=-0.000260647 -6.41963e-05 -0.0159978 0.000216043 0.00292882 -0.00122633 -0.0260522 -0.0434111 0.011208 -0.00712717
internal_weight=8650.9 8613.34 152.594 8460.74 2952.12 5508.62 113.119 37.5671 39.4749 13.2506
internal_count=42988 42766 1657 41109 4171 36938 565 222 1092 150
is_linear=0
shrinkage=0.105172


Tree=22
num_leaves=9
num_cat=0
split_feature=7 18 16 19 17 17 31 33
split_gain=5.10972 3.13925 3.23124 4.00561 3.53713 3.2184 2.74492 1.86931
threshold=0.055067478884503709 -0.068928913575011283 1.1898775327250293 0.011349026071777972 0.39082259274721048 2.4685459435052031 6.294999999999999 0.045938163801774075
decision_type=8 10 10 10 10 10 8 10
left_child=7 5 4 -4 -3 6 -2 -1
right_child=1 2 3 -5 -6 -7 -8 -9
leaf_value=-0.0001020602139119743 0.0027928675142622245 -0.001752498024560561 -0.00054089267417447629 -0.00027567436500177458 2.3763117688466241e-05 -0.0013198435526544476 7.5785164671541482e-06 -0.00031846834791803556
leaf_weight=19.770633698906749 352.36959225777537 35.246549765579402 37.862458012066782 1114.6008960371837 6690.5208600321785 33.510204615071416 345.52349421055987 21.498664043843746
leaf_count=84 1568 138 834 5370 32178 90 2646 80
internal_value=-0.000228161 -4.34576e-05 -0.000662705 -0.00580968 0.00020997 0.00653882 0.00813802 -0.0370673
internal_weight=8650.9 8609.63 7878.23 1152.46 6725.77 731.403 697.893 41.2693
internal_count=42988 42824 38520 6204 32316 4304 4214 164
is_linear=0
shrinkage=0.105172


Tree=23
num_leaves=10
num_cat=0
split_feature=7 28 5 28 5 21 22 9 28
split_gain=4.97888 3.30118 3.10411 5.73472 4.76385 3.05279 2.7783 1.72883 1.39611
threshold=0.055067478884503709 0.084350000000000022 0.14108322457053454 0.071500000000000022 0.20629047107793355 0.14835015747143079 0.14422833118788278 0.21339440036364088 0.061550000000000001
decision_type=8 10 8 10 8 8 8 8 8
left_child=8 2 3 -2 -4 7 -7 -3 -1
right_child=1 5 4 -5 -6 6 -8 -9 -10
leaf_value=-0.00028497445700148712 -0.00012063800815052142 -0.00077392778028598556 0.00045709150856617021 -0.0022352950086926299 -7.2817691544588552e-05 -0.0016792200487546725 0.0045848803481319386 0.0009402598769271092 -0.00016204342568974691
leaf_weight=21.753236374352127 3109.2223726315424 16.321345329284668 1872.2166808717884 62.689201768953353 3121.7841718480922 14.365266595501454 9.3247903673909587 403.71022551786155 19.516061368398368
leaf_count=92 14319 156 9028 226 16865 208 162 1860 72
internal_value=-0.00014767 2.00616e-05 -0.000452721 -0.00303114 0.00117234 0.00885978 -0.0269782 0.0110423 -0.0365112
internal_weight=8650.9 8609.63 8165.91 3171.91 4994 443.722 23.6901 420.032 41.2693
internal_count=42988 42824 40438 14545 25893 2386 370 2016 164
is_linear=0
shrinkage=0.105172


Tree=24
num_leaves=10
num_cat=0
split_feature=26 19 15 32 11 24 18 22 24
split_gain=4.30199 3.58791 3.33931 3.13968 7.3675 5.21718 2.25983 2.11485 1.71625
threshold=0.034017336725933364 0.011913764591585831 1.0931851352695889 0.7941952506596307 0.26287248447146855 11.500000000000002 0.0013095422151165883 0.014880566253881055 9.5000000000000018
decision_type=8 8 8 10 10 2 10 10 2
left_child=6 2 8 5 -5 -3 -1 -4 -2
right_child=1 3 7 4 -6 -7 -8 -9 -10
leaf_value=-6.1355079058717063e-05 -0.00057838788377648448 -3.766970769780629e-05 0.00038840474949352986 -0.00051755014046247951 5.0975891648098081e-05 0.00032001250837519204 -0.00070569395641605342 -0.0003773884641946489 -0.0003773884641946489
leaf_weight=18.160506092943251 13.183303650934247 3919.7796421721578 37.825970109552145 753.8880181889981 2024.483346558176 1762.5910357236862 19.406591633800417 79.74542267806828 21.839515864849091
leaf_count=120 186 27054 1094 3418 8028 2609 102 334 43
internal_value=-0.000299938 -0.000137307 -0.0161148 0.000143726 -0.00274531 0.00156747 -0.0357334 -0.00695247 -0.0448827
internal_weight=8650.9 8613.34 152.594 8460.74 2778.37 5682.37 37.5671 117.571 35.0228
internal_count=42988 42766 1657 41109 11446 29663 222 1428 229
is_linear=0
shrinkage=0.105172


Tree=25
num_leaves=14
num_cat=0
split_feature=19 16 31 15 15 24 18 10 12 8 23 23 1
split_gain=3.12119 3.78807 4.41865 3.76312 2.95155 3.96347 2.34707 2.53362 2.50521 1.74621 0.846362 0.709295 0.1024
threshold=0.011913764591585831 1.1196478804983998 4.4900000000000011 0.97733659502464898 0.62862653647759148 10.500000000000002 -0.068928913575011283 0.48538212942789322 0.039539466615764761 0.14437093947291077 0.062830772587574482 0.01749829359646499 0.072148351648351663
decision_type=8 10 8 8 8 2 8 10 10 10 10 8 2
left_child=1 3 12 -1 5 10 8 -8 -6 -5 -2 -4 -3
right_child=4 2 11 9 6 -7 7 -9 -10 -11 -12 -13 -14
leaf_value=-0.0005175577861755489 -0.00010081370893019189 -0.00030712600629735837 0.0013178618625395721 -0.00033637587384975908 -0.00094018280701316259 -0.0011363686598102633 3.7704307348074647e-05 -0.00036180616131189819 0.00099635675335099281 0.00048487443211781131 -0.0015362156838022785 -0.00024542729891950215 -0.00074805771340200121
leaf_weight=14.394577864557503 79.328430457040668 17.07153455587104 13.254951948300006 23.199669086374342 35.084477163851261 22.570984303951263 6883.9611953911372 990.42952925805002 459.97726034373045 64.791090433485806 25.32722504530102 3.8720933496952048 17.640333471819758
leaf_count=81 572 88 692 160 286 40 34790 3701 1726 568 186 28 70
internal_value=-0.000174091 -0.0149955 -0.0382068 -0.0025803 8.78122e-05 -0.015789 0.000337049 -9.67136e-05 0.00736153 0.00495703 -0.00644029 0.00205423 -0.0597901
internal_weight=8650.9 154.224 51.8389 102.385 8496.68 127.227 8369.45 7874.39 495.062 87.9908 104.656 17.127 34.7119
internal_count=42988 1687 878 809 41301 798 40503 38491 2012 728 758 720 158
is_linear=0
shrinkage=0.105172


Tree=26
num_leaves=13
num_cat=0
split_feature=28 35 26 9 17 24 9 26 17 19 9 7
split_gain=3.10453 5.16209 3.63785 2.9899 2.87503 4.28497 5.54183 4.06812 3.6766 3.64268 2.20362 1.46978
threshold=-0.060549999999999986 5.6725669651379009 0.15054053858760283 0.28323787803215034 0.8356120826818042 11.500000000000002 0.30714209373254159 0.5891274090934534 0.84055076576205223 0.14236498212524437 0.33007958078009508 0.2280597894454641
decision_type=8 2 10 8 10 2 10 10 10 10 10 10
left_child=1 2 10 -4 5 11 -7 9 -9 -6 -1 -2
right_child=4 -3 3 -5 7 6 -8 8 -10 -11 -12 -13
leaf_value=-0.0003009986161117871 -0.00028847737700989675 -0.0022299001112356231 -0.00054978437196737768 0.00056517376004768438 -0.0001729355771050389 0.00024403643549972324 0.0026781509708907517 -0.00065128123995303311 0.00038056949120377956 0.0026718034937230337 -0.001395286337710362 0.00013258592398283133
leaf_weight=40.057837453205138 714.17435833392665 22.948887966573238 91.731044817250222 369.48247772874311 3719.9591525341384 578.84264039993286 324.34404897689819 25.892825680784881 1393.5390991368331 121.31341345701367 24.167269638739526 1224.4502965491265
leaf_count=330 6780 78 666 1948 15621 809 433 96 8292 591 96 7248
internal_value=-8.74652e-05 -0.00775044 -0.00547453 -0.00205612 0.000423537 0.00312441 0.00910937 -0.00102351 0.00376841 -0.00281077 -0.0289665 0.000302886
internal_weight=8650.9 548.388 525.439 461.214 8102.52 2841.81 903.187 5260.7 1419.43 3841.27 64.2251 1938.62
internal_count=42988 3118 3040 2614 39870 15270 1242 24600 8388 16212 426 14028
is_linear=0
shrinkage=0.105172


Tree=27
num_leaves=14
num_cat=0
split_feature=5 24 5 28 39 16 31 39 16 9 28 18 17
split_gain=3.33513 3.36409 6.02413 3.4449 3.2742 2.79473 2.64592 2.3996 5.24871 2.37993 3.32674 2.12225 2.03602
threshold=0.14108322457053454 11.500000000000002 0.21052016869090007 0.0079499999999999588 1.5000000000000002 0.57854374110882367 1.0850000000000002 3.5000000000000004 0.9701898637167824 0.42912813656848997 -0.0034999999999999749 0.0046830502441009845 2.4685459435052031
decision_type=8 2 10 10 2 8 10 2 8 8 10 8 10
left_child=5 9 4 -4 -3 6 -1 11 -9 10 -2 -7 -11
right_child=1 2 3 -5 -6 7 -8 8 -10 12 -12 -13 -14
leaf_value=-0.0004460323371822511 -0.00033791600176198184 0.00098825420713081038 -0.00025659241032325344 0.00035878432487766195 0.00063555081761027281 6.4438358748497186e-05 -0.00055428426588381664 5.2671798757329828e-05 -0.00084150961394009955 0.00060255483410089062 7.9616875655816837e-05 -0.00018311495026315436 -0.0010963885387643068
leaf_weight=18.284342403523624 1280.2276020180434 342.92397224903107 500.13155100867152 295.27590668201447 590.74980961345136 1549.614687429741 17.106574947014451 97.789101195521653 79.18305677967146 549.06853079330176 1752.6558513194323 1563.1907247151248 14.701641518622635
leaf_count=112 8569 468 692 424 846 6984 88 660 670 3720 12916 6809 30
internal_value=-0.0002617 0.00136195 0.00517697 -0.00147901 0.0109141 -0.00288114 -0.0323551 -0.00254309 -0.0145019 -0.00045471 -0.00163747 -0.00184209 0.00579456
internal_weight=8650.9 5325.73 1729.08 795.407 933.674 3325.17 35.3909 3289.78 176.972 3596.65 3032.88 3112.81 563.77
internal_count=42988 27665 2430 1116 1314 15323 200 15123 1330 25235 21485 13793 3750
is_linear=0
shrinkage=0.105172


Tree=28
num_leaves=9
num_cat=0
split_feature=15 17 9 28 33 1 38 31
split_gain=3.0389 3.0445 2.74626 3.39143 2.8123 2.56248 1.44598 0.395659
threshold=0.62862653647759148 0.39082259274721048 0.39150558300829813 -0.093600000000000003 0.017442240721540329 0.05998750000000002 3.5000000000000004 2.5200000000000018
decision_type=8 8 8 8 8 2 2 10
left_child=5 -2 4 -4 -3 -1 -7 -8
right_child=1 2 3 -5 -6 6 7 -9
leaf_value=-0.00090868478077705422 -0.0015114378976642264 -0.00013623516183203772 -0.00044257011936696384 0.00037990279417448713 1.8168829772953442e-05 -0.0012989793930475151 0.00017763149080880281 -0.00051031410688195434
leaf_weight=15.589612944517283 36.161519627086818 1708.4823925606906 88.720750201493502 1729.910114931874 4958.8538823388517 14.272410884499548 26.877008289564401 72.035660894587636
leaf_count=68 134 6810 560 7871 26803 52 164 526
internal_value=-0.000343978 -9.40394e-05 2.861e-05 0.00365823 -0.000952026 -0.0163711 -0.0101333 -0.00485233
internal_weight=8650.9 8522.13 8485.97 1818.63 6667.34 128.775 113.185 98.9127
internal_count=42988 42178 42044 8431 33613 810 742 690
is_linear=0
shrinkage=0.105172


Tree=29
num_leaves=15
num_cat=0
split_feature=30 11 17 11 5 24 26 30 26 26 24 13 35 5
split_gain=2.85553 5.11342 6.36826 5.14532 4.57715 4.18508 4.01252 2.88247 3.89281 4.6169 4.07579 2.35874 2.95549 1.89771
threshold=19.385000000000002 0.26287248447146855 0.72436372965782114 0.27187882761339849 0.071673192689652707 12.500000000000002 0.380833185690994 16.125000000000004 0.21860131361191562 0.13780661062427924 11.500000000000002 1.318860405664013 5.4206013567608577 0.12324910115296024
decision_type=10 8 10 10 10 2 8 8 10 10 2 10 2 10
left_child=7 2 4 -3 -2 -4 -5 11 9 -9 -10 13 -13 -1
right_child=1 3 5 6 -6 -7 -8 8 10 -11 -12 12 -14 -15
leaf_value=0.00051871443299002728 -0.0013524772461506512 0.00076460643404329949 -0.00020136175593003157 -0.00028592414956650345 -0.00040382850189480042 -0.00045837592968006266 4.1134518991066827e-05 0.00010218101558437606 6.933257653397153e-05 -0.00039209670707266055 0.00045442465570367765 -0.00016779949560016588 -0.00048194189596256076 -0.00024243688302745585
leaf_weight=174.18784459633753 42.55808306671679 93.663517431356013 588.37352064438164 411.08093821117654 89.790297435596585 30.975859403610229 1533.2319412468933 437.43324942351319 2204.83099752618 357.3871761339251 1243.0054892301559 1111.4196918001398 172.4013459016569 160.56340062152594
leaf_count=1318 168 286 2530 1306 292 32 6302 2268 12604 1562 1804 9959 1326 1231
internal_value=-0.00030909 -0.00308423 -0.0104999 -0.000317295 -0.0315362 -0.00589473 -0.00150867 0.00100102 0.00244948 -0.00414613 0.00398841 -0.00275653 -0.00483179 0.00501205
internal_weight=8650.9 2789.67 751.698 2037.98 132.348 619.349 1944.31 5861.23 4242.66 794.82 3447.84 1618.57 1283.82 334.751
internal_count=42988 10916 3022 7894 460 2562 7608 32072 18238 3830 14408 13834 11285 2549
is_linear=0
shrinkage=0.105172


Tree=30
num_leaves=14
num_cat=0
split_feature=5 33 17 21 26 26 8 5 35 10 20 34 20
split_gain=3.04355 4.69851 4.32248 3.40443 6.4657 5.19883 3.29263 3.11381 4.08412 3.28647 3.2431 6.26114 4.43599
threshold=0.14479424804487498 0.017600365507825292 0.39082259274721048 0.011805792692055337 0.37855787992822182 0.28253032048843568 0.31361019770420367 0.15978277678801275 2.8228658313737589 0.2001440875208301 0.052117144788467969 0.00067359428975732893 0.07032732579041874
decision_type=8 10 10 10 8 8 10 8 2 8 10 10 10
left_child=1 3 -3 4 -1 -5 -4 8 -2 -10 11 -9 -12
right_child=7 2 6 5 -6 -7 -8 10 9 -11 12 -13 -14
leaf_value=0.00026955804546167439 -0.0014405788365324044 -0.002596067124054561 -0.00016249375785641192 -0.00039679910297459568 -0.00044459430512967156 -4.3805289294465565e-05 0.00038505285919510811 2.8117974474926345e-05 -0.00033055353362441341 0.0019885404233210367 0.0010584873489862324 -0.00046699125483471181 -2.6520307447813881e-05
leaf_weight=43.940998889273033 19.330133774783462 21.831404462456703 1440.2075761249289 230.15267093852162 67.8807953086216 791.39128697942942 870.47641898132861 1629.5976675972342 94.254404038656503 438.38093122560531 755.58003854891285 728.04731749743223 1519.831708305981
leaf_count=1408 128 48 7183 508 770 3172 2824 11122 488 1736 3862 2275 7464
internal_value=-0.000364466 -0.00278286 -5.61213e-05 -0.00833793 -0.0259315 -0.00634595 0.000358604 0.00123994 0.00871031 0.0105314 0.000336 -0.00238223 0.0031802
internal_weight=8650.9 3465.88 2332.52 1133.37 111.822 1021.54 2310.68 5185.02 551.965 532.635 4633.06 2357.64 2275.41
internal_count=42988 15913 10055 5858 2178 3680 10007 27075 2352 2224 24723 13397 11326
is_linear=0
shrinkage=0.105172


end of trees

feature_importances:
hist_move_avg_8q=28
iv_rank=27
parkinson_rv_60d=23
hist_event_count=19
iv_crush_pct=18
parkinson_rv_10d=17
volume_ratio_20d=16
drift_5d=16
iv_mom_week=16
parkinson_rv_20d=15
rv_term_ratio=14
hist_move_avg_4q=12
hist_move_med_8q=12
hv_rank=11
cc_rv_10d=10
vix_current=9
straddle_pct=8
hist_move_med_4q=8
vix_change_30d=8
tlt_spy_ratio_30d=8
log_spot=8
iv_cc_rv_ratio_20d=7
hist_move_std_4q=7
cc_rv_20d=6
vol_of_vol_20d=6
spy_drift_60d=6
earnings_dow=4
earnings_month=3
atm_iv=1
event_move_implied=1
event_vol_fraction=1
iv_rv_ratio_20d=1
iv_rv_ratio_60d=1
vix_pct_252d=1

parameters:
[boosting: gbdt]
[objective: quantile]
[metric: quantile]
[tree_learner: serial]
[device_type: cpu]
[data_sample_strategy: bagging]
[data: ]
[valid: ]
[num_iterations: 1500]
[learning_rate: 0.105172]
[num_leaves: 31]
[num_threads: 8]
[seed: 42]
[deterministic: 0]
[force_col_wise: 0]
[force_row_wise: 0]
[histogram_pool_size: -1]
[max_depth: 4]
[min_data_in_leaf: 75]
[min_sum_hessian_in_leaf: 0.001]
[bagging_fraction: 0.880172]
[pos_bagging_fraction: 1]
[neg_bagging_fraction: 1]
[bagging_freq: 0]
[bagging_seed: 400]
[bagging_by_query: 0]
[feature_fraction: 0.750692]
[feature_fraction_bynode: 1]
[feature_fraction_seed: 30056]
[extra_trees: 0]
[extra_seed: 12879]
[early_stopping_round: 0]
[early_stopping_min_delta: 0]
[first_metric_only: 0]
[max_delta_step: 0]
[lambda_l1: 0.600869]
[lambda_l2: 0.181866]
[linear_lambda: 0]
[min_gain_to_split: 0]
[drop_rate: 0.1]
[max_drop: 50]
[skip_drop: 0.5]
[xgboost_dart_mode: 0]
[uniform_drop: 0]
[drop_seed: 17869]
[top_rate: 0.2]
[other_rate: 0.1]
[min_data_per_group: 100]
[max_cat_threshold: 32]
[cat_l2: 10]
[cat_smooth: 10]
[max_cat_to_onehot: 4]
[top_k: 20]
[monotone_constraints: ]
[monotone_constraints_method: basic]
[monotone_penalty: 0]
[feature_contri: ]
[forcedsplits_filename: ]
[refit_decay_rate: 0.9]
[cegb_tradeoff: 1]
[cegb_penalty_split: 0]
[cegb_penalty_feature_lazy: ]
[cegb_penalty_feature_coupled: ]
[path_smooth: 0]
[interaction_constraints: ]
[verbosity: -1]
[saved_feature_importance_type: 0]
[use_quantized_grad: 0]
[num_grad_quant_bins: 4]
[quant_train_renew_leaf: 0]
[stochastic_rounding: 1]
[linear_tree: 0]
[max_bin: 255]
[max_bin_by_feature: ]
[min_data_in_bin: 3]
[bin_construct_sample_cnt: 200000]
[data_random_seed: 175]
[is_enable_sparse: 1]
[enable_bundle: 1]
[use_missing: 1]
[zero_as_missing: 0]
[feature_pre_filter: 1]
[pre_partition: 0]
[two_round: 0]
[header: 0]
[label_column: ]
[weight_column: ]
[group_column: ]
[ignore_column: ]
[categorical_feature: ]
[forcedbins_filename: ]
[precise_float_parser: 0]
[parser_config_file: ]
[objective_seed: 16083]
[num_class: 1]
[is_unbalance: 0]
[scale_pos_weight: 1]
[sigmoid: 1]
[boost_from_average: 1]
[reg_sqrt: 0]
[alpha: 0.25]
[fair_c: 1]
[poisson_max_delta_step: 0.7]
[tweedie_variance_power: 1.5]
[lambdarank_truncation_level: 30]
[lambdarank_norm: 1]
[label_gain: ]
[lambdarank_position_bias_regularization: 0]
[eval_at: ]
[multi_error_top_k: 1]
[auc_mu_weights: ]
[num_machines: 1]
[local_listen_port: 12400]
[time_out: 120]
[machine_list_filename: ]
[machines: ]
[gpu_platform_id: -1]
[gpu_device_id: -1]
[gpu_use_dp: 0]
[num_gpu: 1]

end of parameters

pandas_categorical:[]
