tree
version=v4
num_class=1
num_tree_per_iteration=1
label_index=0
max_feature_idx=39
objective=quantile
feature_names=atm_iv straddle_pct em_iv_pct dte event_move_implied iv_crush_pct event_vol_fraction parkinson_rv_10d parkinson_rv_20d parkinson_rv_60d cc_rv_10d cc_rv_20d vol_of_vol_20d iv_rv_ratio_20d iv_rv_ratio_60d iv_cc_rv_ratio_20d rv_term_ratio volume_ratio_20d drift_5d hist_move_avg_4q hist_move_med_4q hist_move_std_4q hist_move_avg_8q hist_move_med_8q hist_event_count hist_straddle_accuracy iv_rank hv_rank iv_mom_week iv_mom_month vix_current vix_change_30d vix_pct_252d spy_drift_60d tlt_spy_ratio_30d log_spot timing_bmo timing_amc earnings_month earnings_dow
feature_infos=[0.0562:9.827300000000001] [0.00083333333333333339:1.6799999999999997] [0.0091011673193795578:3.656330081739084] [1:60] [0:1.4691042020914447] [-3.8580100290314063:0.85581277028745872] [0.034672503568223635:67.109823252533587] [0.01134305909982487:2.8641721286455586] [0.013894109765131739:2.0282327051980693] [0.016989524212388089:1.5539472798357257] [0.0011017543739895795:11.594960128394431] [0.00077905798904997125:13.8827006001165] [0.0026076256319010121:1.389272370927521] [0.1662869210082179:148.89574118624122] [0.20733930042845336:55.329518350439479] [0.03322120193214638:574.09076896240128] [0.070747435815040532:2.4494897427831788] [0.25291709200552448:11.592494971460599] [-0.7543637095495408:0.30175159235668803] [0:0.60000000000000009] [0:0.60000000000000009] [6.3925998781312683e-05:0.74631856464742785] [0:0.60000000000000009] [0:0.60000000000000009] [0:19] [0.0014688435681595078:71.73913043478268] [0:1] [-4.8571428571426418:2.1056533827618167] [-0.92139999999999989:1.0115000000000001] [-1.9800000000000002:0.52549999999999997] [11.99:52.329999999999998] [-29.849999999999998:24.469999999999999] [0.0039577836411609502:1] [-0.15722837228372288:0.2501611343860779] [-0.19287700174254019:0.23027200357131283] [0.28517894223366247:8.6613853060707111] [0:1] [0:1] [1:12] [0:4]
tree_sizes=1817 1902 1895 1912 1894 1802 1789 1898 1804 1802 1920 1816 1806 1699 1911 1916 1917 1930 1689 1916 1916 1924 1923 1681 1895 1802 1702 1585 1930 1792 1912 1915 1584 1702 1796

Tree=0
num_leaves=16
num_cat=0
split_feature=23 9 0 19 16 35 19 5 28 30 27 11 11 19 34
split_gain=44.5578 15.3122 6.84644 6.63766 6.78632 4.31442 3.44882 3.1089 5.68075 2.10702 1.4885 1.48384 2.2074 0.841107 0.391289
threshold=0.079478483658752722 0.32299031741112899 0.55412500000000009 0.09783742480283647 1.1196478804983998 2.617030202884314 0.060741074409053679 0.20629047107793355 0.18475000000000003 19.815000000000001 0.060747413267100946 0.22940981845680089 0.27431101910465366 0.030641828259428839 -0.065028946198023393
decision_type=10 10 2 10 10 2 10 8 8 10 10 8 8 8 8
left_child=1 6 11 5 -5 -3 13 8 -4 -8 -9 14 -13 -1 -2
right_child=2 3 7 4 -6 -7 9 10 -10 -11 -12 12 -14 -15 -16
leaf_value=0.14273220968469022 0.15436834339090102 0.16002369678759307 0.15879202336622186 0.16126081459928823 0.14968445478235376 0.15012627316915281 0.15115024325638321 0.15239861186777201 0.16762235118271243 0.14619304045499981 0.15980668282509458 0.15712072091132812 0.15240771092655753 0.14535922283051181 0.14598958731848671
leaf_weight=1658.192457428202 9.0079058688133937 155.37869308423251 631.6951784202829 192.05459444690496 84.123936219140887 1450.0586268417537 885.48807169217616 82.938910796772689 44.709824003279209 279.40902830194682 385.26002574339509 84.254762045573443 297.04824368748814 2310.4433132149279 100.83978087827563
leaf_count=8729 166 852 2192 846 230 6256 4394 364 144 928 1858 576 1596 13105 752
internal_value=0.150182 0.146529 0.165804 0.154625 0.169703 0.15199 0.14355 0.17028 0.174951 0.148649 0.16339 0.155242 0.158411 0.142069 0.144821
internal_weight=8650.9 7015.15 1635.75 1881.62 276.179 1605.44 5133.53 1144.6 676.405 1164.9 468.199 491.151 381.303 3968.64 109.848
internal_count=42988 35340 7648 8184 1076 7108 27156 4558 2336 5322 2222 3090 2172 21834 918
is_linear=0
shrinkage=1


Tree=1
num_leaves=16
num_cat=0
split_feature=22 9 23 26 28 19 5 22 23 20 33 2 19 10 35
split_gain=44.5937 13.5433 7.08617 6.27091 3.31476 2.59595 2.50794 2.42286 2.32314 3.35963 2.10618 1.84785 0.651234 0.666057 0.146285
threshold=0.062873317164884465 0.32016541657157555 0.12122490114518887 0.42870222320947721 -0.051850000000000028 0.17659736308316434 0.27542851394310247 0.046484020374226852 0.024659681853972885 0.038383166350170285 0.05897499010587804 0.14430159131779752 0.030641828259428839 0.22329821076283021 2.3781561723754474
decision_type=10 8 10 8 8 10 10 10 10 10 10 2 8 10 2
left_child=7 5 4 -4 -3 10 -7 12 9 -9 -2 -10 14 -14 -1
right_child=1 2 3 -5 -6 6 -8 8 11 -11 -12 -13 13 -15 -16
leaf_value=-0.0049827971532200675 -0.0018081407483340165 -0.00028419012316919292 0.0013537460179134275 0.010399978232035093 0.0066499057920184025 0.00013944268351492804 0.0063964328824181113 -0.0031788805397143152 -0.0032201066228509851 0.013314622240830336 0.0028178980808222899 0.00087957048644819963 -0.006542691565973693 -0.0041375749382217743 -0.0069190223248446949
leaf_weight=39.89872112730518 807.98262524046004 248.30678003188223 80.847755670547485 316.709726001136 1579.203497978393 10.190551989246162 8.4545853687450272 20.829426392912865 1245.026076445356 16.244156591594219 439.01425895746797 535.49323677225038 614.15087807411328 1045.9881164394319 1642.5629595923238
leaf_count=346 3648 990 386 1259 6058 210 42 130 5979 62 2902 2293 4880 4915 8888
internal_value=-0.000423755 0.008749 0.0136894 0.026524 0.0108605 1.27812e-05 0.0388213 -0.00664117 -0.00348997 0.0222439 -0.000522391 -0.0040635 -0.0083355 -0.00673292 -0.00987836
internal_weight=8650.9 3490.71 2225.07 397.557 1827.51 1265.64 18.6451 5160.19 1817.59 37.0736 1247 1780.52 3342.6 1660.14 1682.46
internal_count=42988 15495 8693 1645 7048 6802 252 27493 8464 192 6550 8272 19029 9795 9234
is_linear=0
shrinkage=0.105172


Tree=2
num_leaves=16
num_cat=0
split_feature=9 20 23 18 27 10 5 17 33 9 6 9 30 31 35
split_gain=31.9919 13.4641 5.81565 5.25991 4.70214 9.25448 3.66067 3.61157 2.84712 1.45314 1.70492 1.37284 1.61729 0.684324 0.44689
threshold=0.32016541657157555 0.096613719420170205 0.060865391948858767 -0.064588157435815516 0.60910693395434079 0.67300740409968007 0.37700766125994356 1.0269609204536474 0.049016126982491699 0.22992155312281612 0.73291483260629153 0.20494506521899261 19.085000000000004 -1.5100000000000005 2.3781561723754474
decision_type=10 10 10 10 8 10 8 10 8 8 8 8 10 8 2
left_child=2 4 11 7 5 -2 -5 -3 -6 13 -11 14 -13 -4 -1
right_child=1 3 9 6 8 -7 -8 -9 -10 10 -12 12 -14 -15 -16
leaf_value=0.0013140686558200578 0.0024415944056764296 0.014999500533804375 0.0047022135780130231 0.0056060137658717956 -0.0033723191076269043 0.0087593952899056998 0.012167940156281106 0.0099623285810911295 0.006447094338783369 0.0063760129263522479 0.0014672160869975432 -0.0025588076986673152 -0.0054089639586193151 -0.0047778068076730022 -0.0063450575404684914
leaf_weight=14.94624775322154 1419.3945291568525 45.790908602066338 37.075431317556649 684.83701238874346 554.04606590233743 108.27995962649584 119.76863678172231 116.15809734538198 64.675964808091521 27.410711925476789 810.88297426560894 2216.993499790784 970.11985965957865 161.62893931055441 1298.8945140386932
leaf_count=156 5821 218 289 2737 2693 270 522 310 436 134 3814 11340 4156 1876 8216
internal_value=-0.000585726 0.00793635 -0.0053876 0.0182567 0.00325834 0.00640782 0.0146363 0.0358178 -0.00441549 0.0016635 0.00362845 -0.00702619 -0.00579825 -0.00630421 -0.00995561
internal_weight=8650.9 3112.95 5537.95 966.555 2146.4 1527.67 804.606 161.949 618.722 1037 838.294 4500.95 3187.11 198.704 1313.84
internal_count=42988 13007 29981 3787 9220 6091 3259 528 3129 6113 3948 23868 15496 2165 8372
is_linear=0
shrinkage=0.105172


Tree=3
num_leaves=16
num_cat=0
split_feature=22 9 18 22 26 27 0 31 30 23 19 23 9 24 23
split_gain=32.3455 6.69853 6.35867 5.2439 5.04878 5.43117 3.07949 3.47269 2.89278 2.79956 2.5312 1.56689 0.74191 0.637236 0.299485
threshold=0.076802959547222827 0.3460893607897601 -0.064588157435815516 0.046484020374226852 0.42870222320947721 0.46274356904333797 0.47082500000000005 3.7399999999999998 20.475000000000005 0.061521869955957161 0.14396148292435937 0.081081081081081099 0.25936848853000061 6.5000000000000009 0.03711387609663714
decision_type=10 8 10 8 8 10 2 10 10 10 10 10 8 2 10
left_child=3 2 8 12 9 -6 11 -8 -2 -3 -4 -5 14 -14 -1
right_child=1 4 10 6 5 -7 7 -9 -10 -11 -12 -13 13 -15 -16
leaf_value=-0.0058228129287537173 0.0054424294747153195 0.013080453511681718 -0.00071686959725553612 -0.0025466786928381264 0.0088590638238180471 0.002311584840069097 0.0029265670699362501 -0.0031592065188114416 0.002683576901687365 -0.00030357904645118865 0.0071968733451984804 0.0081462880871263719 0.00014869729809531109 -0.0040146933407578357 -0.0037562814713899412
leaf_weight=1779.2622590884566 33.756535149179399 33.954760141670704 788.91276585124433 1554.7694518400822 769.9952418175526 347.96929951477796 918.48219157964922 420.92288416717201 15.497605614364145 317.42121126130223 109.13241369416937 20.248261586762965 84.763463398907334 1141.5004557687789 314.31455219909549
leaf_count=9669 262 152 4032 8379 2919 1336 4489 1584 38 1278 640 150 1952 4178 1930
internal_value=-0.000815687 0.00950417 0.00252566 -0.00482636 0.0139594 0.0174263 -0.00154352 0.00213117 0.039263 0.00274592 0.000432874 -0.00470851 -0.00768901 -0.00549606 -0.00894271
internal_weight=8650.9 2416.64 947.299 6234.26 1469.34 1117.96 2914.42 1339.41 49.2541 351.376 898.045 1575.02 3319.84 1226.26 2093.58
internal_count=42988 10657 4972 32331 5685 4255 14602 6073 300 1430 4672 8529 17729 6130 11599
is_linear=0
shrinkage=0.105172


Tree=4
num_leaves=16
num_cat=0
split_feature=19 9 18 21 21 18 33 26 26 19 21 9 23 6 19
split_gain=22.406 8.54849 6.82667 4.16203 4.13425 2.98774 2.89356 2.80445 2.61858 2.40953 2.2473 1.90801 1.3803 0.836505 0.366663
threshold=0.11048184829266693 0.26332199927570438 -0.055972346542376865 0.080184586202744296 0.054521652148518791 0.11269081169082275 0.017209316464968264 0.36714065992246064 0.50426699403118158 0.17027362410160748 0.054974232051248538 0.60202330383643265 0.052073448481794689 0.71638106808871738 0.094378411535410017
decision_type=10 8 8 8 10 8 10 8 10 10 10 10 10 8 10
left_child=1 12 3 10 8 -6 11 -8 -3 -5 -2 -4 14 -14 -1
right_child=2 4 6 9 5 -7 7 -9 -10 -11 -12 -13 13 -15 -16
leaf_value=-0.0046819950694170368 0.0024013402756650555 -0.0020170267855180416 -0.00053046595896345794 0.019164354299417364 0.0019023394890936259 0.0074548152527201287 -0.00045615240330851108 0.0077848754352538956 0.0011848496267307096 -0.0038847922908724253 0.0080133476773423338 0.0077951162776257014 0.0048486763191741902 -0.0020974330379289149 0.002439423966722237
leaf_weight=2711.3186778118834 26.349606085568666 1911.4196177537087 235.28986793383956 88.013754127547145 1076.2140889936127 85.565110415220261 128.37860134057701 556.68961697816849 1063.6950083889533 32.784922032617033 34.875046705827117 32.262101613916457 15.876563742756842 637.48493044450879 14.685838304460047
leaf_count=14755 82 8614 1251 350 4357 290 578 2348 5633 124 118 192 106 4128 62
internal_value=-0.00113226 -0.00321864 0.0126312 0.0314247 0 0.00530707 0.00896857 0.0125915 -0.0020905 0.0192317 0.0543246 -7.41555e-05 -0.0071428 -0.00265515 -0.00819496
internal_weight=8650.9 7516.26 1134.64 182.023 4136.89 1161.78 952.62 685.068 2975.11 120.799 61.2247 267.552 3379.37 653.361 2726
internal_count=42988 37945 5043 674 18894 4647 4369 2926 14247 474 200 1443 19051 4234 14817
is_linear=0
shrinkage=0.105172


Tree=5
num_leaves=15
num_cat=0
split_feature=22 20 33 33 21 22 31 35 22 19 30 23 20 28
split_gain=22.1245 5.12302 3.39812 3.50209 2.90957 2.69549 3.55841 2.54268 2.0749 1.49302 1.10101 0.688302 3.49811 0.357532
threshold=0.059697228960437922 0.12347607901735543 0.014367282772913105 0.03470875340152358 0.061792961635335202 0.14781570342613712 0.60499999999999965 4.7831489898453983 0.033667380795263331 0.085690092817111457 17.305000000000003 0.0077186624606392371 0.02506541562849152 -0.088450000000000001
decision_type=10 10 10 10 8 10 10 2 8 10 8 10 8 8
left_child=8 5 4 -4 -3 7 -7 -2 11 10 -10 12 -1 -13
right_child=1 2 3 -5 -6 6 -8 -9 9 -11 -12 13 -14 -15
leaf_value=-0.0042040446043754912 0.0021773322880875843 0.0052305370548958912 0.011684968299395753 0.0067866485355631574 -0.00027777662346892273 -0.0029118945922611728 0.0061223937729872899 -0.00048084383001418982 -0.0012326832864015527 0.01049046559286 -0.0031077782957761998 0.00034519288221538139 0.00024498610723788777 -0.0053841726256459114
leaf_weight=61.498972279485315 2101.4685500264168 42.016905426047742 135.44975081831217 338.66438085399568 157.9004582259804 21.178907364606857 40.521019944921136 913.32572890212759 1459.4488147594966 38.414102002978325 1593.599875417538 34.371474999934435 5.5209146589040747 1707.5234969924204
leaf_count=1324 9792 186 352 1638 903 80 144 3695 7904 104 8169 266 12 8419
internal_value=-0.00112068 0.0049497 0.0132816 0.0181421 0.00143282 0.00310304 0.0249532 0.00263342 -0.00577959 -0.00408475 -0.00436072 -0.00864045 0.00100026 -0.00904772
internal_weight=8650.9 3750.53 674.031 474.114 199.917 3076.49 61.6999 3014.79 4900.38 3091.46 3053.05 1808.91 67.0199 1741.89
internal_count=42988 16790 3079 1990 1089 13711 224 13487 26198 16177 16073 10021 1336 8685
is_linear=0
shrinkage=0.105172


Tree=6
num_leaves=15
num_cat=0
split_feature=22 1 18 10 23 28 31 9 30 31 35 17 10 35
split_gain=17.326 4.84656 3.94942 2.68709 2.39491 2.95568 2.06491 2.05557 2.01889 1.25066 0.678618 0.342713 0.489751 0.276977
threshold=0.059697228960437922 0.17100724637681164 0.14035222713346943 0.89819406805157975 0.092556809401657072 0.30090000000000006 -4.969999999999998 0.21520314226226786 17.885000000000002 2.6199999999999997 3.3619366526854289 1.823666909441843 0.24810399433581512 2.3781561723754474
decision_type=10 2 10 8 10 8 10 8 8 8 2 10 10 2
left_child=7 4 3 -3 6 -6 -2 11 9 -9 -10 13 -13 -1
right_child=1 2 -4 -5 5 -7 -8 8 10 -11 -12 12 -14 -15
leaf_value=0.0026075259519676998 0.006605539057042537 0.0067462958638718788 0.023398311046282348 -0.00066280350697764986 0.0029974896331422512 0.0079779469366874425 -0.00018395665369650086 -0.001384877609203819 -0.0016768950827940519 0.00090580909652093137 -0.0034390802641822626 -0.0028097170692066571 0.00060869430667027285 -0.0044278339515835445
leaf_weight=21.558771068695933 136.3560253996402 657.69529949454591 36.475970036350191 77.52165402751416 748.92838752828538 20.536682961508632 2073.0116821145639 1336.6752084009349 323.616510595195 332.05890642292798 1342.9880568510853 21.401575680356473 12.936916837934403 1509.1417052536272
leaf_count=188 904 2374 116 240 3835 107 9214 6930 1841 932 6812 122 80 9293
internal_value=-0.00117116 0.0041994 0.0116461 0.00985369 0.00224845 0.00730652 0.000457795 -0.00529443 -0.00378415 -0.00115163 -0.0063817 -0.0084719 0.000284074 -0.00870961
internal_weight=8650.9 3750.53 771.693 735.217 2978.83 769.465 2209.37 4900.38 3335.34 1668.73 1666.6 1565.04 34.3385 1530.7
internal_count=42988 16790 2730 2614 14060 3942 10118 26198 16515 7862 8653 9683 202 9481
is_linear=0
shrinkage=0.105172


Tree=7
num_leaves=16
num_cat=0
split_feature=22 22 28 32 1 35 34 11 32 34 7 17 1 25 27
split_gain=14.1807 4.23111 3.77775 3.41325 3.28959 2.83546 2.55548 2.10495 2.21119 1.99152 1.4866 1.47729 0.322086 0.422061 0.064672
threshold=0.059697228960437922 0.10774007435005535 0.30090000000000006 0.67348284960422178 0.21025000000000005 2.617030202884314 0.035045752020310468 0.22058143435783736 0.69459102902374681 0.013627942990790289 0.21791177973577217 1.7367602618918057 0.0855618686868687 0.23138535322559381 0.62688253981537523
decision_type=10 10 8 8 2 2 8 8 8 10 10 10 2 8 8
left_child=7 5 3 -3 -4 6 -2 12 10 -7 -9 -10 14 -14 -1
right_child=1 2 4 -5 -6 9 -8 8 11 -11 -12 -13 13 -15 -16
leaf_value=-0.0041429047869567751 0.004814658132316252 0.0074596723719484465 0.01089318146672332 0.001488852634263764 0.0046827017092177297 0.0011401915605265846 0.013240882890942177 -0.0035054626083349245 -0.003077385986007335 -0.0016295997148498588 0.00012395489872386154 0.00054467682787710532 -0.0036162475683859728 -0.0019220979947242116 -0.0028696659555305193
leaf_weight=1306.0675572492182 173.07883518189192 447.10632460331544 22.437835888937116 540.03970567462966 15.212128247134386 1960.6352866957895 21.37705744523555 363.38320930209011 1511.1613201838918 570.63852782547474 1242.0910927536897 63.655095687601715 141.55667088972405 241.06009072624147 31.402614318300039
leaf_count=7278 922 2426 117 1930 68 9883 106 2001 8309 1338 5810 288 582 1568 362
internal_value=-0.00122689 0.00363057 0.00940227 0.0080714 0.0424194 0.00143691 0.0136812 -0.00495746 -0.0033198 0.000470409 -0.00052982 -0.00612358 -0.00794794 -0.00486164 -0.00878283
internal_weight=8650.9 3750.53 1024.8 987.146 37.65 2725.73 194.456 4900.38 3180.29 2531.27 1605.47 1574.82 1720.09 382.617 1337.47
internal_count=42988 16790 4541 4356 185 12249 1028 26198 16408 11221 7811 8597 9790 2150 7640
is_linear=0
shrinkage=0.105172


Tree=8
num_leaves=15
num_cat=0
split_feature=22 26 8 27 19 22 35 23 1 30 24 34 34 35
split_gain=11.3323 3.37703 2.88374 4.06469 1.88278 1.95501 1.71187 2.73145 1.56789 0.898045 0.804043 0.437577 0.905981 0.0416735
threshold=0.059697228960437922 0.48185238576224432 0.26585260571234132 0.60910693395434079 0.026165241892743458 0.019645477370786715 2.3030848431605881 0.055241012929047185 0.094562020460358068 18.005000000000006 10.500000000000002 -0.019551435450780027 -0.027480593136725125 6.4183323084442767
decision_type=10 8 8 10 8 8 2 10 2 8 2 8 10 2
left_child=4 6 10 -4 11 -6 7 -2 -7 -8 -3 12 -1 -13
right_child=1 2 3 -5 5 8 9 -9 -10 -11 -12 13 -14 -15
leaf_value=-0.003545178287074323 0.011848315340391907 0.0010202755563085599 0.0052150730761219245 -0.00084531274406728953 0.0026213015382876149 -0.0026110221371414 0.0001198269004419299 0.0043595591295965937 -0.00054195188845705146 -0.0013254560038339549 -0.0019352220644405381 -0.0043029357659850618 0.00042335774804231089 -0.0015426353950832789
leaf_weight=358.5858606621623 18.465084981173277 198.85314936889336 1413.8909946992062 383.55268751783296 16.807270213961601 2200.6878537472803 967.00586732849479 93.146177539601922 1364.1785018586088 473.05787052214146 202.55386960506439 822.10556556517258 109.93488294957206 28.077716113999486
leaf_count=3508 54 2654 5665 1570 56 12178 4234 448 6670 1782 383 3312 392 82
internal_value=-0.0012766 0.00306429 0.00571823 0.00752615 -0.0046118 -0.00333037 -0.000656077 0.011812 -0.0035158 -0.00166765 -0.00221977 -0.00804337 -0.00515405 -0.00955986
internal_weight=8650.9 3750.53 2198.85 1797.44 4900.38 3581.67 1551.68 111.611 3564.87 1440.06 401.407 1318.7 468.521 850.183
internal_count=42988 16790 10272 7235 26198 18904 6518 502 18848 6016 3037 7294 3900 3394
is_linear=0
shrinkage=0.105172


Tree=9
num_leaves=15
num_cat=0
split_feature=22 9 22 10 10 31 27 22 26 30 9 6 7 18
split_gain=8.69342 3.10702 2.64181 2.50603 3.38354 2.12944 2.05445 2.23284 1.86866 1.80725 1.79301 1.50396 0.791949 0.416385
threshold=0.064231280961346046 0.36042979384986218 0.03169230814079 0.89819406805157975 0.63352546942964894 0.73500000000000043 1.0000727519643033 0.028427818637852816 0.61693924359052899 19.085000000000004 0.18775433366610481 0.71638106808871738 0.16470506262414017 -0.013455462051285448
decision_type=10 8 8 10 10 8 8 10 8 8 10 8 8 10
left_child=2 5 6 4 -3 8 13 -8 -2 10 -4 -7 -11 -1
right_child=1 3 9 -5 -6 11 7 -9 -10 12 -12 -13 -14 -15
leaf_value=-0.0026096233003275312 0.00027291438791719232 0.003297556039861314 -0.0034146270975639642 -0.0010068758926416574 0.0084134931289985802 0.0046665944286350715 -0.0073789028746891949 0.00045481600293024814 0.0028590325408655122 0.00051787808252602816 7.3511220272732827e-06 -0.0017316912672689722 -0.0024449309946263965 -0.0042848280750195098
leaf_weight=365.86210725735873 535.27089514629915 1292.1411366430111 252.51716298423707 104.28252656757832 275.59686706215143 29.483320603147149 12.814908210653813 12.123998663388191 210.87263798248023 42.641066771931946 2135.7989596230909 920.11437247786671 1233.3284383509308 1228.0549543290399
leaf_count=2757 2491 5246 2168 328 825 144 116 51 1202 530 9677 4776 6564 6113
internal_value=-0.00142231 0.00274218 -0.00408894 0.00596143 0.00703513 -0.000395077 -0.00764619 0.0215223 0.00376695 -0.00249983 -0.000761834 -0.003732 -0.00570285 -0.00814462
internal_weight=8650.9 3367.76 5283.14 1672.02 1567.74 1695.74 1618.86 24.9389 746.144 3664.29 2388.32 949.598 1275.97 1593.92
internal_count=42988 15012 27976 6399 6071 8613 9037 167 3693 18939 11845 4920 7094 8870
is_linear=0
shrinkage=0.105172


Tree=10
num_leaves=16
num_cat=0
split_feature=19 15 9 26 22 11 0 33 30 27 28 20 5 23 15
split_gain=6.82929 2.4981 3.60363 2.30636 1.90052 1.87118 1.76573 1.90044 1.70015 1.36506 1.12062 0.765751 0.934354 0.833525 0.382154
threshold=0.055863601671424103 1.4984001943191543 0.60202330383643265 0.33275196099767562 0.10649361281536858 0.23158100503267007 0.28552500000000003 0.020365824952906845 17.670000000000005 0.47475853354566228 0.081550000000000025 0.033855600204457111 0.055236839171025849 0.0077186624606392371 1.9134119108577197
decision_type=10 8 10 10 10 8 2 10 10 8 10 8 8 10 10
left_child=3 4 5 11 10 -3 14 -8 -6 -4 -2 13 -13 -1 -5
right_child=1 2 9 6 8 -7 7 -9 -10 -11 -12 12 -14 -15 -16
leaf_value=0.00028587442648466955 -0.0012449634744316094 -0.0004776874924625631 0.016046688122449981 -0.0034737489986703682 0.007528630872099081 0.0029507461197786238 -0.0019007954644325578 0.00067030008192691911 -0.00017565376397824412 0.0095319696500295766 0.0048212903181670888 0.00034314591576958082 -0.0029578779035502331 -0.0037895194965409727 7.2193080721926747e-05
leaf_weight=51.4633704344742 1427.0204956321977 564.4282735241577 32.32280308380723 382.47512603667565 158.72369929216802 1656.3935163244605 786.06461376766674 1097.0862939180806 245.29324499424547 15.913912389427422 70.442301692441106 113.46832230174914 608.62857204629108 1427.330839139875 13.847968095447866
leaf_count=794 5955 3601 164 2863 752 7142 4665 6190 812 58 302 594 3271 5621 204
internal_value=-0.00153935 0.00151215 0.00387527 -0.00439389 -0.00127466 0.00322452 -0.00200949 -0.000629962 0.00506703 0.0324057 -0.00302826 -0.00683433 -0.0038574 -0.00824459 -0.00840173
internal_weight=8650.9 4170.54 2269.06 4480.37 1901.48 2220.82 2279.47 1883.15 404.017 48.2367 1497.46 2200.89 722.097 1478.79 396.323
internal_count=42988 18786 10965 24202 7821 10743 13922 10855 1564 222 6257 10280 3865 6415 3067
is_linear=0
shrinkage=0.105172


Tree=11
num_leaves=15
num_cat=0
split_feature=9 16 26 33 9 23 28 21 11 35 18 33 34 21
split_gain=6.04083 3.01975 3.30943 3.12102 1.12859 1.4948 3.28644 1.11632 1.0899 0.271608 0.713326 0.201581 0.129034 0.448164
threshold=0.24266888096291242 1.3425340162861104 0.42870222320947721 0.020365824952906845 0.18775433366610481 0.0077186624606392371 -0.00055000000000002258 0.054521652148518791 0.12917289297485221 2.617030202884314 -0.0039989507424087458 0.054093746488814494 -0.037005387898117019 0.040614690974146377
decision_type=8 10 8 10 10 8 10 10 10 2 10 10 10 10
left_child=4 2 7 -4 12 6 -6 -2 -7 10 -3 -11 13 -1
right_child=1 9 3 -5 5 8 -8 -9 -10 11 -12 -13 -14 -15
leaf_value=-0.0030052653473507489 -0.0017366696737640159 -0.0041129764000647573 -9.3768249527094802e-05 0.0033511271076186195 -0.0012435743318112715 0.0015319909584261299 0.0025900073875502047 0.0005351358647631509 -0.0020410452796519054 -0.0035429246742702406 0.0040103480121582089 -0.00033778413728623277 -0.0035923776184588734 0.00026114286910909628
leaf_weight=203.70011777570471 1577.0881061153486 36.428271704353392 1495.4598856600933 1722.8585960539058 13.407718765549363 25.001307269558311 8.3525465512648207 599.23055601399392 1833.3519593845122 415.86796022392809 16.315516103059053 45.528870096430182 639.13886500010267 19.173075955361128
leaf_count=4516 6896 144 5993 9007 112 122 116 2384 9115 1766 96 214 2207 300
internal_value=-0.00169889 0.000184058 0.000928578 0.00307887 -0.00577909 -0.00426901 0.0225398 -0.00222221 -0.00461911 -0.00750253 0 -0.00832038 -0.00899778 -0.00599752
internal_weight=8650.9 5908.78 5394.64 3218.32 2742.13 1880.11 21.7603 2176.32 1858.35 514.141 52.7438 461.397 862.012 222.873
internal_count=42988 26500 24280 15000 16488 9465 228 9280 9237 2220 240 1980 7023 4816
is_linear=0
shrinkage=0.105172


Tree=12
num_leaves=15
num_cat=0
split_feature=22 15 9 30 34 10 10 17 35 5 27 17 17 27
split_gain=5.38067 2.16525 2.56082 1.62496 1.5355 1.17187 1.4893 1.55723 0.565567 0.610465 0.568961 0.422179 1.57312 0.145247
threshold=0.040409589632567772 1.0931851352695889 0.3582642069455701 20.285000000000004 0.013627942990790289 0.26825808213784608 0.270139071987261 1.823666909441843 4.1071785168179558 -0.091605711418012728 0.42984036256216501 1.3773219938980119 1.4367543666844851 1.0000000180025095e-35
decision_type=8 8 8 10 8 8 8 10 2 10 8 10 10 10
left_child=5 8 3 -3 -4 11 -7 -8 10 -10 -2 13 -13 -1
right_child=1 2 4 -5 -6 6 7 -9 9 -11 -12 12 -14 -15
leaf_value=-0.0038329155612563219 -0.0015295410108213904 7.3974905121674463e-05 0.0043532766134554528 -0.0011316169188179818 6.7359931013397964e-06 0.0074375686622651172 -0.0022634210844740717 0.00090538870892618493 0.0014474722984342311 -0.0023873997955884208 0.00043659295667011023 0.0047574852117565191 -0.0022000845511854356 -0.0028369436808759804
leaf_weight=48.076752023771405 139.63602437311783 2707.8380799936131 1093.1691423146985 596.96196294389665 627.61936968844384 22.104189781472087 873.5878345691599 37.424457527231425 29.231906528584659 574.72987854108214 276.94404018577188 36.892364277504385 131.41082949750125 1455.2765204273164
leaf_count=325 510 14524 4866 2212 2790 100 4611 194 224 2301 1445 172 684 8030
internal_value=-0.00160771 0.000103681 0.00101079 -0.000685879 0.00430573 -0.00560413 -0.00251308 -0.00323084 -0.00430081 -0.0063815 -0.0011311 -0.00729129 -0.00178644 -0.00786524
internal_weight=8650.9 6046.13 5025.59 3304.8 1720.79 2604.77 933.116 911.012 1020.54 603.962 416.58 1671.66 168.303 1503.35
internal_count=42988 28872 24392 16736 7656 14116 4905 4805 4480 2525 1955 9211 856 8355
is_linear=0
shrinkage=0.105172


Tree=13
num_leaves=14
num_cat=0
split_feature=22 16 20 5 30 27 22 23 20 26 34 21 21
split_gain=4.38043 2.36917 2.28483 2.72996 2.0808 1.87547 2.23284 0.517879 3.46469 0.515127 0.351176 0.596128 0.155888
threshold=0.03169230814079 1.3425340162861104 0.092739972954762398 0.4855090313135717 17.810000000000002 1.0000727519643033 0.028427818637852816 0.0077186624606392371 0.02506541562849152 0.30575446119437827 0.036449161784192004 0.050571175210650611 0.10045334883531443
decision_type=8 10 10 10 10 8 10 10 8 10 8 10 8
left_child=5 2 4 -4 -2 7 -7 8 -1 -9 12 -12 -3
right_child=1 10 3 -5 -6 6 -8 9 -10 -11 11 -13 -14
leaf_value=-0.0018933705552515729 0.00016289314550176122 -0.0038184289125870624 0.0032073337926513869 0.008017316313859572 -0.00095548532976606315 -0.0059502317563898443 0.00099747239616431067 -0.0030472260686373368 0.00028177923274549916 -0.002493029497284238 -0.0025129704104638055 0.0035426552047065855 -0.0024516550645803004
leaf_weight=60.33761318679899 2994.064289717935 358.08348702639341 1343.9589247405529 40.646314889192581 2156.3238546699286 12.814908210653813 12.123998663388191 872.37687433091924 5.5209146589040747 655.68165940977633 90.299930329434574 26.062316883355379 22.608265955932438
leaf_count=1288 15606 1224 5619 254 9438 116 51 3483 12 4087 1580 116 114
internal_value=-0.00146078 -0.00031575 0.000207334 0.00400751 -0.000802122 -0.00639498 0.0215223 -0.00687383 0.00149125 -0.00727584 -0.00731763 -0.00156598 -0.00890818
internal_weight=8650.9 7032.05 6534.99 1384.61 5150.39 1618.86 24.9389 1593.92 65.8585 1528.06 497.054 116.362 380.692
internal_count=42988 33951 30917 5873 25044 9037 167 8870 1300 7570 3034 1696 1338
is_linear=0
shrinkage=0.105172


Tree=14
num_leaves=16
num_cat=0
split_feature=21 9 16 16 21 26 30 12 26 11 26 33 5 20 14
split_gain=4.03744 1.96126 1.78523 3.51246 1.61357 1.64238 1.3868 1.23054 0.676328 0.98681 3.14904 0.512815 0.36318 0.926417 0.0834631
threshold=0.017716712361252374 0.35057030840140657 1.1302700835541735 1.1096529246686326 0.018124104780838073 0.21860131361191562 21.295000000000005 0.11357962574313106 0.31047631062807685 0.12285104902241785 0.34243510460564058 0.0728754515851502 0.080009412230871407 0.041494135425196789 1.0429206694722792
decision_type=10 10 10 10 10 8 10 10 10 10 10 8 8 8 8
left_child=8 4 3 -3 5 -2 -6 -4 12 10 -10 -11 13 -1 -14
right_child=1 2 7 -5 6 -7 -8 -9 9 11 -12 -13 14 -15 -16
leaf_value=-0.0024395017344482767 -0.0051015009183151506 0.0023493295741268288 0.001489485212397253 0.010072727041054268 -0.00044249830110366575 0.0083332846960043425 -0.0022212977512993362 -0.0017391140269349039 0.0022218052754036468 -0.0025651302516083215 -0.002402344329798984 0.00033145166334797293 -0.0023095014604057424 0.0066382143767640192 -0.0027332065134962375
leaf_weight=182.68016964849085 20.663143465295434 1538.4707500007935 307.35356008727103 46.615519491955638 4136.0925171328709 44.403001525439322 502.98181343823671 346.33913319930434 7.4197267300915 659.30740287341177 21.27768963878043 174.27203341433778 14.250813889317213 21.193750473670661 627.58232766389847
leaf_count=946 72 7088 668 120 19984 220 2080 1296 134 3299 932 2020 120 522 3487
internal_value=-0.00147403 -0.000337403 0.00221313 0.0041348 -0.00156472 0.0147544 -0.0018078 -0.00234977 -0.00605685 -0.00384278 0.014766 -0.0045623 -0.00823828 -0.00382153 -0.00954132
internal_weight=8650.9 6942.92 2238.78 1585.09 4704.14 65.0661 4639.07 653.693 1707.98 862.277 28.6974 833.579 845.707 203.874 641.833
internal_count=42988 31528 9172 7208 22356 292 22064 1964 11460 6385 1066 5319 5075 1468 3607
is_linear=0
shrinkage=0.105172


Tree=15
num_leaves=16
num_cat=0
split_feature=22 0 34 26 9 33 7 26 34 27 4 32 26 18 26
split_gain=4.03352 1.80371 1.74184 1.75232 1.71827 1.35847 1.33554 1.10226 1.06248 1.83903 1.04219 0.159452 0.263842 0.0942281 0.024684
threshold=0.040409589632567772 0.48212500000000008 0.019100273534476523 0.63300954627421457 0.60202330383643265 0.12147907068241316 0.19811066359271609 0.37016604212430548 0.024617190183735319 1.0000727519643033 0.056912760905854336 0.31530343007915573 0.60049937175851775 -0.040785521755872127 0.49484019593510892
decision_type=10 2 8 10 10 8 8 10 10 8 10 10 8 8 10
left_child=6 5 3 -3 -4 10 11 -7 9 -8 -2 12 -1 -13 -10
right_child=1 2 4 -5 -6 7 8 -9 14 -11 -12 13 -14 -15 -16
leaf_value=-0.0040854375799193347 -0.0013969081695288411 0.00056789792984925525 -0.00097131024438876484 0.0047585067864227837 0.0064672954289789076 -0.0015059508248479979 -0.0011401494315392609 0.0028661751457180569 -0.004007959163479769 0.00090857646522678279 0.0032269257786826065 0.0010194728942508192 0.0071181496835167023 -0.0025533179530821152 -0.0024917105681932315
leaf_weight=21.603167331777517 2166.9735673470423 1746.8296202979982 963.52328266948462 650.08977946359664 51.382558852434158 226.03527697687969 1376.4736502845772 169.04522230895236 208.35029722005129 23.151240967679769 49.491151874884963 13.884028894826768 3.5753429140895596 902.36653533857316 78.128629930317402
leaf_count=862 10092 7844 2524 3789 104 1595 8383 1322 498 149 302 180 127 4819 398
internal_value=-0.00156899 -5.84136e-05 0.00152302 0.00307999 -0.00209174 -0.00214862 -0.00500754 0.00345568 -0.0031737 -0.00192111 -0.00317628 -0.0082236 0 -0.00845046 -0.00906784
internal_weight=8650.9 6023.37 3411.83 2396.92 1014.91 2611.55 2627.53 395.08 1686.1 1399.62 2216.46 941.429 25.1785 916.251 286.479
internal_count=42988 27572 14261 11633 2628 13311 15416 2917 9428 8532 10394 5988 989 4999 896
is_linear=0
shrinkage=0.105172


Tree=16
num_leaves=16
num_cat=0
split_feature=21 35 35 5 8 27 10 21 5 21 17 16 11 31 12
split_gain=3.15826 1.94187 2.49575 3.18844 1.98164 1.69598 1.67719 1.26185 1.39587 2.15554 1.01922 0.554063 0.48213 1.02601 0.437457
threshold=0.050571175210650611 4.1744641870560075 3.9890766305845378 0.27542851394310247 0.47637053623120984 0.28903871203278469 0.49426619883650508 0.017716712361252374 0.19889187742989498 0.018263246777329021 1.823666909441843 0.93854515079497203 0.26151008256555214 3.4950000000000006 0.051938120721969856
decision_type=10 2 2 10 10 10 8 10 8 10 10 8 8 10 10
left_child=7 2 4 -4 -2 6 -3 12 10 -10 -9 -7 14 -14 -1
right_child=1 5 3 -5 -6 11 -8 8 9 -11 -12 -13 13 -15 -16
leaf_value=-0.0021476619099599372 -7.5123096680949786e-06 -0.00024904460285917217 0.003901024117847885 0.010504020980910423 0.0052944173153292792 -7.4064800051809213e-05 0.0042886977041559039 -0.001020237858102867 0.0079382558086755813 -0.00015870525906731033 0.0010771073793299332 -0.0024423708515491195 -0.00034795789330864296 -0.0024089020135333317 -0.00071400180486535538
leaf_weight=862.506110815797 1007.124936459586 646.06161115551367 150.97542404476553 29.531978145241737 360.51313288975507 127.34650085866451 86.387410462833941 2538.3425746839494 37.268289549276233 1533.719181612134 57.974831805564463 367.67356667388231 443.71239965641871 230.55102083645761 171.21438302332535
leaf_count=5398 4676 2923 612 112 1360 676 224 10982 200 8446 260 1057 3700 1156 1206
internal_value=-0.00154919 0.00135889 0.00384847 0.015526 0.00225915 -0.00172973 0.00141363 -0.00293378 -0.00192314 0.000516533 -0.00342362 -0.00650717 -0.00536217 -0.00300166 -0.00683994
internal_weight=8650.9 2775.61 1548.15 180.507 1367.64 1227.47 732.449 5875.29 4167.3 1570.99 2596.32 495.02 1707.98 674.263 1033.72
internal_count=42988 11640 6760 724 6036 4880 3147 31348 19888 8646 11242 1733 11460 4856 6604
is_linear=0
shrinkage=0.105172


Tree=17
num_leaves=16
num_cat=0
split_feature=26 35 19 22 16 33 19 5 33 23 20 17 12 33 12
split_gain=2.75849 2.71673 2.21483 3.76638 2.45203 1.34145 0.99272 1.08394 1.79212 1.05326 2.81414 0.84587 0.722493 0.629625 0.486211
threshold=0.30575446119437827 4.1744641870560075 0.14396148292435937 0.14422833118788278 0.94902097399204643 0.11069933570993719 0.047036268284519463 0.2895699627344433 0.039096644025027112 0.0077186624606392371 0.024674265708189039 0.80998050086087159 0.024648192581781473 0.083609063511508777 0.045886190499197586
decision_type=8 2 10 10 10 8 8 8 8 10 8 10 10 10 10
left_child=6 2 4 -4 -2 12 9 13 -9 10 -1 -7 -3 -8 -11
right_child=1 5 3 -5 -6 11 7 8 -10 14 -12 -13 -14 -15 -16
leaf_value=-0.0010610000423984943 0.0020218427758131982 -0.0019445538220074466 0.0072401076226789509 -0.00044111053011823331 -0.00057712639273206493 -0.00045745657690996242 -0.0037359863425880397 0.0039182466249990658 -0.002498772361535504 -0.0023348803254632151 0.00052589417750785201 0.0022339919253147327 -0.00075913023041368477 0.00028157886886378267 -0.0018338724701148692
leaf_weight=30.586826264858246 1140.8492787443101 282.97477003931999 141.07839869707823 145.93141049193218 1496.0375682730228 210.74695738730952 413.25951138348319 113.27826028130949 146.42387076816522 828.82584852073342 5.3041133880615225 220.10015550488606 2811.0978004559875 170.40681975428015 494.00176271842793
leaf_count=642 7097 2067 456 777 6623 1668 2096 446 960 3460 8 2002 11885 1114 1687
internal_value=-0.00154923 -0.000440925 0.00191714 0.0107093 0.00093553 -0.00241485 -0.00476589 -0.00182584 0.00369421 -0.00654381 0.0105046 0.00300737 -0.00319045 -0.0043906 -0.00705551
internal_weight=8650.9 6448.82 2923.9 287.01 2636.89 3524.92 2202.09 843.368 259.702 1358.72 35.8909 430.847 3094.07 583.666 1322.83
internal_count=42988 32575 14953 1233 13720 17622 10413 4616 1406 5797 650 3670 13952 3210 5147
is_linear=0
shrinkage=0.105172


Tree=18
num_leaves=14
num_cat=0
split_feature=20 5 24 18 30 26 23 18 33 26 6 16 23
split_gain=2.87541 3.01819 3.69682 1.91897 1.8668 1.89131 1.41384 1.16692 1.00472 2.27832 0.873402 0.618784 0.554594
threshold=0.092739972954762398 0.4855090313135717 10.500000000000002 0.14035222713346943 17.670000000000005 0.21860131361191562 0.0077186624606392371 0.061326571648668955 0.020216507582966451 0.47748612684205999 0.68208325067277797 0.63343848193629693 0.082193866320317679
decision_type=10 10 2 10 10 8 8 8 8 10 8 10 10
left_child=4 3 12 7 5 10 -7 -2 11 -10 -1 -6 -3
right_child=1 2 -4 -5 8 6 -8 -9 9 -11 -12 -13 -14
leaf_value=0.0058991640538006603 0.0018894930788531344 0.017744947501874574 0.012521068065672842 0.016339543290306326 0.0011612759707416839 0.00047058493773489523 -1.476017600719425e-05 -0.0037671945741501508 -0.0014507626695280946 0.00086619776588372859 -0.0020306630873673801 -0.0019343264214852142 -0.0024359766011515936
leaf_weight=12.938517336733637 1195.0436997809447 8.6342673152685183 13.392937779426573 36.43753335531801 43.151647126302123 26.311003912240267 3219.7354901456274 201.08344563702121 1035.6760764606297 586.88873217673972 624.76750664971769 1628.2233852026984 18.61910979449749
leaf_count=98 5315 44 24 128 266 506 17155 864 3818 4076 3798 6710 186
internal_value=-0.00153029 0.00268157 0.0309768 0.00183081 -0.00240362 -0.000821294 0.000188665 0.00115983 -0.00424994 -0.00232172 -0.00605984 -0.00608359 0.00603245
internal_weight=8650.9 1473.21 40.6463 1432.56 7177.69 3883.75 3246.05 1396.13 3293.94 1622.56 637.706 1671.38 27.2534
internal_count=42988 6561 254 6307 36427 21557 17661 6179 14870 7894 3896 6976 230
is_linear=0
shrinkage=0.105172


Tree=19
num_leaves=16
num_cat=0
split_feature=26 21 35 26 27 18 37 20 20 30 10 10 5 30 24
split_gain=2.52086 1.92948 1.84647 1.66658 1.36518 0.983335 1.06114 0.758791 2.10884 1.7956 0.319201 0.279904 0.272577 0.264216 0.0159917
threshold=0.21076066979077807 0.015008668477595704 4.1744641870560075 0.629954208954565 0.35475165244801798 -0.013455462051285448 1.0000000180025095e-35 0.036837490239039185 0.037441831242314406 17.810000000000002 0.36677530443954665 0.22761408603497493 0.068778968473471105 15.975000000000003 7.5000000000000009
decision_type=8 10 2 10 10 8 2 8 10 8 8 10 8 10 2
left_child=7 5 3 -3 -4 6 -2 10 9 -9 14 -10 -7 -12 -1
right_child=1 2 4 -5 -6 12 -8 8 11 -11 13 -13 -14 -15 -16
leaf_value=-0.0029517583178671606 0.0016067970168145722 4.422802302827539e-05 -4.2070912795631692e-05 0.0034942548776491214 -0.0011560586139321143 -0.0023300579869534304 -0.001346899611072824 0.0048721415551783564 -0.003842596648673635 -0.0061059061672907528 0.0020625900277465407 -0.00031658057418186986 -0.0026373804700639716 -0.0044150736801613017 -0.0025253290666525209
leaf_weight=33.04129591351375 104.76512975245714 2463.2078171484172 2323.4116329136305 701.07118225097656 1301.7674376117066 126.89720963127911 154.4241827018559 5.9188004266470644 99.764790048357099 4.6959662728477278 18.753530633635819 226.10604085586965 593.69480145652778 24.513364193961024 468.87017086148262
leaf_count=1152 940 11087 9986 3722 5985 993 1172 44 840 392 114 1110 4109 118 1224
internal_value=-0.00149349 -0.000879272 -0.000239833 0.00160584 -0.00186828 -0.00524496 7.31356e-05 -0.00683298 -0.00263595 0.04257 -0.00930579 -0.00432521 -0.00724503 0 -0.0100545
internal_weight=8650.9 7769.24 6789.46 3164.28 3625.18 979.781 259.189 881.664 336.486 10.6148 545.178 325.871 720.592 43.2669 501.911
internal_count=42988 37994 30780 14809 15971 7214 2112 4994 2386 436 2608 1950 5102 232 2376
is_linear=0
shrinkage=0.105172


Tree=20
num_leaves=16
num_cat=0
split_feature=22 16 33 9 33 30 33 19 18 28 28 21 18 18 16
split_gain=2.58258 1.92951 1.35175 1.65649 1.25005 0.493402 1.60809 1.60361 0.588535 0.355183 1.11419 0.29667 0.543957 0.342626 0.193185
threshold=0.03169230814079 1.3425340162861104 0.010446571617914848 0.60202330383643265 0.011868612538686542 18.350000000000005 0.017773242667485926 0.022166129769585142 -0.057622870833832211 -0.047850000000000024 -0.051850000000000028 0.0081460793351616507 -0.0071362178623056707 0.073955302060295561 1.5611784573112508
decision_type=8 10 8 10 8 10 8 10 8 8 10 10 10 10 10
left_child=5 2 3 -2 -4 6 7 -1 -8 10 -3 12 -7 -13 -11
right_child=1 9 4 -5 -6 11 8 -9 -10 14 -12 13 -14 -15 -16
leaf_value=0.00098497935986612602 -0.0016908883348738645 -0.0034001652644172595 0.0033163314388917186 0.0028203582169847169 5.1582771464895006e-05 0.0024083624833274005 0.0030216880865879358 -0.002317302170948974 -0.0015515011699555204 -0.002085306857437381 0.0025689020758323904 -0.0019735240492910334 -0.002516540391289263 0.0012213678943248458 -0.0033766334162706282
leaf_weight=80.338859913870692 1029.2858464699239 59.717011621687561 163.49645993113518 72.800547321327031 5269.410530295223 31.13790256716311 11.538209470920263 94.901017880998552 796.51910479040816 297.85257574915886 12.658824355341492 525.25212614517659 56.297458617482334 22.871289074420929 126.82558846892789
leaf_count=230 4908 464 284 420 25305 364 150 294 5211 1028 40 2457 281 50 1502
internal_value=-0.00150944 -0.00062729 -0.000136868 -0.00350261 0.000534348 -0.0053018 -0.00369779 0.00524521 -0.00571616 -0.00694558 0 -0.00768225 -0.00110855 -0.0086149 -0.00810593
internal_weight=8650.9 7032.05 6534.99 1102.09 5432.91 1618.86 983.297 175.24 808.057 497.054 72.3758 635.559 87.4354 548.123 424.678
internal_count=42988 33951 30917 5328 25589 9037 5885 524 5361 3034 504 3152 645 2507 2530
is_linear=0
shrinkage=0.105172


Tree=21
num_leaves=16
num_cat=0
split_feature=26 31 35 27 19 25 27 31 26 22 23 23 35 23 6
split_gain=2.29184 2.27963 2.54153 2.30142 1.58045 2.47877 0.984498 0.805328 0.919455 1.43264 0.637589 1.05622 0.453746 0.411341 0.174515
threshold=0.30575446119437827 3.7500000000000013 4.1174097821021345 -0.0047287942996938571 0.1091824524868631 0.77247291743063351 0.35175141764097773 1.9850000000000014 0.21076066979077807 0.018085072808982177 0.036975138198968034 0.037331074919807146 3.7687298289423041 0.032225652337592982 0.78822582523439733
decision_type=8 10 2 8 10 10 10 10 10 8 8 10 2 10 8
left_child=7 2 3 -2 12 -6 -4 10 13 -10 14 -12 -3 -9 -1
right_child=1 4 6 -5 5 -7 -8 8 9 -11 11 -13 -14 -15 -16
leaf_value=0.0033122122126160608 0.0017199794906833515 -0.0016059905489141787 3.6189488037677066e-05 0.0015063093143764582 0.011014541425417615 -0.0007416211429137309 -0.0010573806126100444 -0.0023071535778162264 0.0016712249193586856 -4.119562275863462e-05 0.0037475963548442171 -0.001176751766261132 -0.00099190994806947993 -0.00033605459630553025 -0.0020965492308368844
leaf_weight=19.059297320432961 24.050943438895047 431.42921111080796 1818.1119781157468 2050.6365498020314 52.869632478803396 189.75928247533739 975.7842426400166 161.05516897514462 28.911473657004535 486.59299942012876 14.540327851660548 582.76868345169351 906.17449953220785 159.63177577033639 749.52728663291782
leaf_count=120 108 2012 9122 10977 166 682 4838 590 108 1462 694 3320 4670 512 3607
internal_value=-0.0013515 -0.000340486 0.000775312 0.00357175 -0.00381786 0.00384034 -0.00127874 -0.00428331 -0.00160688 0.0010401 -0.0058751 -0.0031181 -0.00525455 -0.00605703 -0.00793427
internal_weight=8650.9 6448.82 4868.58 2074.69 1580.23 242.629 2793.9 2202.09 836.191 515.504 1365.9 597.309 1337.6 320.687 768.587
internal_count=42988 32575 25045 11085 7530 848 13960 10413 2672 1570 7741 4014 6682 1102 3727
is_linear=0
shrinkage=0.105172


Tree=22
num_leaves=16
num_cat=0
split_feature=21 16 5 7 23 12 10 5 8 7 5 28 28 31 34
split_gain=2.19227 1.71515 1.57874 2.36318 2.25926 0.567817 3.41474 3.60771 0.991795 2.63955 0.525252 0.52456 0.940784 0.510359 0.164237
threshold=0.017716712361252374 1.3425340162861104 0.19623803306773491 0.50656853514970768 0.010762079355832817 0.039276061727509977 0.16367664743297305 0.14705643237583474 0.25974241942731019 0.27702276177793439 0.088950081495821801 -0.047850000000000024 -0.055699999999999993 6.9850000000000003 0.053858742895660734
decision_type=10 10 8 10 10 8 8 10 10 10 8 8 10 10 10
left_child=5 2 4 -4 -2 8 7 -7 13 -10 -8 12 -3 -1 -13
right_child=1 11 3 -5 -6 6 10 -9 9 -11 -12 14 -14 -15 -16
leaf_value=-0.0020645060721275615 0.0023349896222191239 -0.0026676525213220155 0.00049893989258523272 0.0035002998015854162 -0.00036598591427315299 0.00010381333591798211 -2.6047378736920707e-06 0.0021512645406150275 0.0014285761076958156 -0.0028941877630999048 -0.0013017753706120907 -0.0023248008483424407 0.0021403047390551105 0.0017072420835221903 -0.00088811098038212835
leaf_weight=708.20507209794596 30.02304726652801 56.830531369894743 2532.6952810254879 133.8618438616395 3783.3777592694387 39.166314332280308 235.74850119720213 23.879855565261096 15.388466155156491 33.948074850719422 629.63460240582936 350.47040628269315 13.01355057954788 22.013027727603912 42.647018685936928
leaf_count=4636 194 400 13574 426 15468 434 1581 190 96 180 4295 1112 38 48 316
internal_value=-0.00132083 -0.000480231 -2.85072e-05 0.00192456 -0.00141081 -0.00470043 -0.0028245 0.0205901 -0.00685238 0.0068944 -0.0046073 -0.00666395 0.000956145 -0.00786918 -0.00817829
internal_weight=8650.9 6942.92 6479.96 2666.56 3813.4 1707.98 928.429 63.0462 779.555 49.3365 865.383 462.962 69.8441 730.218 393.117
internal_count=42988 31528 29662 14000 15662 11460 6500 624 4960 276 5876 1866 438 4684 1428
is_linear=0
shrinkage=0.105172


Tree=23
num_leaves=14
num_cat=0
split_feature=9 16 11 38 21 12 12 28 16 21 24 10 9
split_gain=1.97064 1.97796 1.53483 5.45981 1.82022 0.470784 0.966604 0.44463 0.848987 0.302671 0.1569 0.181486 8.24447e-05
threshold=0.17339885720684897 1.3425340162861104 0.14159205510539061 2.5000000000000004 0.052233318431535801 0.058351081424627631 0.060195847063450908 -0.046000000000000006 1.4210268647806719 0.097249362676048182 10.500000000000002 0.16787271538899329 0.15021502729221162
decision_type=8 10 8 2 10 10 8 8 10 10 2 10 10
left_child=5 2 3 -2 -4 10 -7 8 -3 -9 11 -1 -8
right_child=1 7 4 -5 -6 6 12 9 -10 -11 -12 -13 -14
leaf_value=-0.002291348710393886 0.00099917644659253016 0.0019152050268647692 -0.00033663540637744944 -0.0013311792942134659 0.00074742094740563435 0.0014957331233758913 0.00507445307752205 -0.0020643629998335538 -0.0023022347305533654 0.00021940371162408508 -0.0025098157910260067 -0.00067737078428132646 -0.0059313257686941893
leaf_weight=126.80738692171872 32.996421618387103 22.159083621576428 5014.2870673192665 64.934474742040038 2413.827430871781 2.7437212802469704 1.2224624175578362 474.30174490530044 71.78660112246871 18.773406931199133 326.80635994672775 73.851916044484824 6.4052749304100871
leaf_count=2278 136 106 24582 458 10287 50 472 1958 460 98 626 1361 116
internal_value=-0.00121571 -0.000798184 -0.000330643 0.0127129 -0.000511422 -0.00739402 0.0124211 -0.00668283 0 -0.00794587 -0.00790755 -0.00487881 0
internal_weight=8650.9 8113.07 7526.05 97.9309 7428.11 537.837 10.3715 587.021 93.9457 493.075 527.466 200.659 7.62774
internal_count=42988 38085 35463 594 34869 4903 638 2622 566 2056 4265 3639 588
is_linear=0
shrinkage=0.105172


Tree=24
num_leaves=16
num_cat=0
split_feature=26 27 27 7 35 17 7 35 32 35 35 35 4 32 20
split_gain=1.72773 1.62819 4.78752 5.05377 2.5984 1.487 4.1424 1.62571 1.2689 1.28675 2.28611 1.15973 1.67538 1.03708 0.69313
threshold=0.4155589714723727 0.28903871203278469 0.23440338462925858 0.33334935341714939 6.6844138782161853 1.823666909441843 0.26383642949784059 4.2735362235807219 0.7071240105540898 2.5022549527413305 2.4432158453184751 2.053482296789102 0.2667055120054625 0.53693931398416905 0.041494135425196789
decision_type=10 8 10 8 2 10 10 2 10 2 2 2 8 10 10
left_child=8 2 4 -4 -2 7 -7 -3 11 10 -10 12 -1 -13 -11
right_child=1 5 3 -5 -6 6 -8 -9 9 14 -12 13 -14 -15 -16
leaf_value=0.012237962633799039 -6.171024715481028e-05 0.00027943326759763583 0.0010141077250730155 0.0072485715559516576 0.0021939829779685713 0.0029761399747430754 8.1144717872669899e-05 -0.0010661981768579232 -0.00019127172585725095 -0.0017008478445533009 0.0060713169657885041 -0.00084581869977382691 -0.0068019038086072443 0.0001603720024900991 -0.00089090196316005848
leaf_weight=38.430462443269789 1545.4574277654756 1012.7357719915453 206.73961896263063 151.929395950865 20.799209074117243 20.784499089233577 94.788594235666096 1237.1433675494045 114.03866357821971 775.25745445629582 21.253038086928427 1715.1481665610336 23.051516221370548 1140.9166164519265 532.42955025518313
leaf_count=184 8591 5538 1528 572 110 116 344 6533 554 2841 78 10422 160 3440 1977
internal_value=-0.00119982 0.000285301 0.00256876 0.0135265 1.78388e-05 -0.00154624 0.00998241 -0.0021673 -0.0026755 -0.00524236 0.00424251 -0.00138406 0.0127662 -0.00171159 -0.00627242
internal_weight=8650.9 4290.38 1924.93 358.669 1566.26 2365.45 115.573 2249.88 4360.53 1442.98 135.292 2917.55 61.482 2856.06 1307.69
internal_count=42988 23332 10801 2100 8701 12531 460 12071 19656 5450 632 14206 344 13862 4818
is_linear=0
shrinkage=0.105172


Tree=25
num_leaves=15
num_cat=0
split_feature=16 26 34 1 18 27 5 10 12 34 30 16 35 5
split_gain=1.46896 1.48338 1.56439 1.85047 1.66406 0.791745 1.94241 0.775037 2.21977 0.268897 0.186426 0.159988 0.13245 0.0100048
threshold=1.3425340162861104 0.20061109055888335 0.012583619509106471 0.083937969924812048 -0.11156226477342072 0.21407949906253093 inf 0.80435993457550214 0.19817878522195884 0.047385070050248286 15.675000000000002 1.5264627721475417 4.0096033296534985 0.071673192689652707
decision_type=10 8 10 2 10 10 8 10 10 8 8 10 2 10
left_child=1 5 3 -3 -4 10 -7 9 -9 13 -1 -11 -10 -2
right_child=7 2 4 -5 -6 6 -8 8 12 11 -12 -13 -14 -15
leaf_value=-0.0018041649409799836 -0.0016683689799438409 -0.00049009090572454126 0.0043912163190893095 0.00061884417228290508 -0.00064197996582414005 -0.00075590188938798927 0.0032186991025263683 0.0016391821239352788 -0.0037610675113742926 0.0021924190000178053 -0.0031033206348717131 -0.0014697950005267914 -2.5487577394834654e-05 -0.0022607556141413768
leaf_weight=84.654250986874104 90.533617335837334 2100.1174208340235 31.464627832174301 3698.7007107066456 1461.0627705622464 225.92663049930707 38.737991398200393 25.424430605024099 54.58603673055768 11.919884176459162 411.8739571266342 64.596488858107477 28.864991709589958 322.43954331148416
leaf_count=964 392 12815 84 18433 3378 1148 284 64 294 148 1476 2260 160 1088
internal_value=-0.0010513 -0.000668821 -0.000198525 0.000573806 -0.00324125 -0.00508959 -0.000193996 -0.00609118 0.00145486 -0.00789859 -0.00757083 -0.00115482 -0.00622748 -0.00899407
internal_weight=8650.9 8052.54 7291.35 5798.82 1492.53 761.193 264.665 598.365 108.875 489.49 496.528 76.5164 83.451 412.973
internal_count=42988 38582 34710 31248 3462 3872 1432 4406 518 3888 2440 2408 454 1480
is_linear=0
shrinkage=0.105172


Tree=26
num_leaves=14
num_cat=0
split_feature=9 33 9 19 26 11 17 9 27 21 33 30 21
split_gain=1.5339 1.68606 1.10121 1.1004 1.04986 1.42297 0.717209 0.674767 0.558964 1.01598 0.177294 0.113097 0.0417326
threshold=0.16274330746430063 0.0092748671191494898 0.60202330383643265 0.13103372417786738 0.20061109055888335 0.16407523132416316 1.2602420041617026 0.17930436776250822 0.54605810758551943 0.018124104780838073 0.18996333041506022 15.045000000000002 0.026211872537756174
decision_type=8 8 10 10 8 8 10 10 10 10 8 10 10
left_child=8 2 7 -4 6 -6 -3 -2 10 -10 11 -1 -12
right_child=1 4 3 -5 5 -7 -8 -9 9 -11 12 -13 -14
leaf_value=-0.00010271075804905186 0.00025695039424389527 -0.001267979607525217 -0.00051308756896852699 0.0010132028841765112 0.00049871910912909932 2.4532052213619159e-06 0.0010533843321754157 -0.0014443553586300775 -0.0025519673336947025 0.0028745298571657618 -0.0013719146476388986 -0.0024522369723778501 0.00070427486644907651
leaf_weight=13.820033069700001 20.545808984898031 521.34452261193655 60.974059609696269 24.366325904615223 301.74589322507381 6001.9598470733035 124.06198123656213 1266.343065649271 9.4069621930830163 4.2610373497009268 6.6997176534496239 294.4680266873911 0.90607142448425282
leaf_count=432 204 2910 342 144 1876 26572 496 6846 292 34 1528 1308 4
internal_value=-0.000964478 -0.000677387 -0.00404614 0.00721969 -2.98433e-06 0.000401584 -0.00405131 -0.00484325 -0.00801742 0.0107055 -0.00903315 -0.00948397 0.000920234
internal_weight=8650.9 8321.34 1372.23 85.3404 6949.11 6303.71 645.407 1286.89 329.562 13.668 315.894 308.288 7.60579
internal_count=42988 39390 7536 486 31854 28448 3406 7050 3598 326 3272 1740 1532
is_linear=0
shrinkage=0.105172


Tree=27
num_leaves=13
num_cat=0
split_feature=9 16 7 11 36 27 21 10 12 34 24 17
split_gain=1.55426 1.69524 1.10872 3.00702 1.18285 0.558651 1.01598 0.398102 0.714216 0.138112 0.131464 0.0916157
threshold=0.16274330746430063 1.3425340162861104 0.2280597894454641 0.16553237707195381 1.0000000180025095e-35 0.54605810758551943 0.018124104780838073 0.63352546942964894 0.11144383838117279 -0.049603207565405809 8.5000000000000018 0.74065946961003737
decision_type=8 10 8 8 2 10 10 10 10 10 2 10
left_child=5 2 4 -4 -2 9 -7 10 -9 11 -3 -1
right_child=1 7 3 -5 -6 6 -8 8 -10 -11 -12 -13
leaf_value=0.00063020500768187825 -0.0010936010631003342 -0.00076806836427065 0.0013876135275182266 7.9864780368848893e-05 5.7908263822750981e-05 -0.0022835723234647881 0.0025722103641872924 0.0014665283735736405 -0.0019562939429582323 -0.00219433078423921 -0.002023245874051248 -0.0025691860220227259
leaf_weight=9.1030080486088973 1176.5767427850515 34.693040963727981 19.595800361596048 5375.3978554871865 1161.4320300174877 9.4069621930830163 4.2610373497009268 42.124117357190698 174.92460692906752 275.64661277038977 336.59731039404869 31.144228016026318
leaf_count=274 7179 568 64 23264 6215 292 34 96 874 1034 1130 1964
internal_value=-0.000914226 -0.00062535 -0.00020277 0.000617196 -0.00212178 -0.00801224 0.0107055 -0.00607049 -0.00208588 -0.00902775 -0.00822753 -0.00123304
internal_weight=8650.9 8321.34 7733 5394.99 2338.01 329.562 13.668 588.339 217.049 315.894 371.29 40.2472
internal_count=42988 39390 36722 23328 13394 3598 326 2668 970 3272 1698 2238
is_linear=0
shrinkage=0.105172


Tree=28
num_leaves=16
num_cat=0
split_feature=21 5 21 5 22 19 10 28 36 10 7 7 5 28 34
split_gain=1.48489 1.43284 1.59919 2.99726 1.4421 2.62592 1.42195 1.06861 0.599536 1.06217 2.32232 0.998356 0.651355 0.822907 0.821748
threshold=0.017716712361252374 0.19623803306773491 0.018263246777329021 0.28704335084314536 0.018085072808982177 0.019062177529428615 0.26930885435683827 0.049399999999999979 1.0000000180025095e-35 0.36677530443954665 0.3742037344207188 0.20582840446299314 0.045737216380014246 -0.0039000000000000003 -0.063451326388773474
decision_type=10 8 10 8 10 8 10 10 2 10 10 8 8 10 10
left_child=8 4 3 -3 5 -2 -4 -6 12 11 -11 -10 13 -1 -14
right_child=1 2 6 -5 7 -7 -8 -9 9 10 -12 -13 14 -15 -16
leaf_value=0.0006680354294611011 -0.0011914316800640855 0.0068134974107061409 -0.00053139046056372298 -0.00065422184890313341 -0.00015671247544318982 0.0020365192066898767 0.0013096114905554587 -0.0016765849728153941 9.9243632733497024e-05 0.0020638853846863441 -0.0011415018120506332 -0.00091746074008964391 0.0017185879215730066 -0.0022414709490096783 -0.0013956614901815285
leaf_weight=67.453298258595169 12.322157776914539 16.419285800307989 1266.9040670539252 21.205959307029843 3564.976213763468 11.276458263397215 1560.5931513588876 489.22214501723647 322.80032752035186 52.720027698669583 52.234710649121553 364.96687128813937 68.900261173956096 83.458318512421101 695.45009923074394
leaf_count=547 112 86 7234 118 14652 44 7470 1812 2250 228 338 2065 2426 592 3014
internal_value=-0.000942095 -0.000248872 0.00154262 0.0231251 -0.00152311 0.0241283 0.00123161 -0.00168908 -0.00372271 -0.00149447 0.00819029 -0.00306602 -0.00558291 0.000342822 -0.00683533
internal_weight=8650.9 6942.92 2865.12 37.6252 4077.8 23.5986 2827.5 4054.2 1707.98 792.722 104.955 687.767 915.262 150.912 764.35
internal_count=42988 31528 14908 204 16620 156 14704 16464 11460 4881 566 4315 6579 1139 5440
is_linear=0
shrinkage=0.105172


Tree=29
num_leaves=15
num_cat=0
split_feature=20 5 24 30 9 11 19 19 26 33 9 11 20 17
split_gain=1.33376 1.81844 2.73587 1.33082 1.4843 1.73041 1.03666 1.68895 0.743551 1.10175 0.700114 0.63566 0.314326 0.191023
threshold=0.092739972954762398 0.4855090313135717 10.500000000000002 19.385000000000002 0.16432916308435691 0.14623309462136069 0.16666666666666671 0.14396148292435937 0.46114325513873217 0.019973147048130583 0.62490490936272602 0.15971847026131455 0.10709988807721708 0.74065946961003737
decision_type=10 10 2 10 8 8 10 10 10 8 10 10 10 10
left_child=3 6 12 4 13 -6 7 -2 11 -10 -8 -5 -3 -1
right_child=1 2 -4 8 5 -7 10 -9 9 -11 -12 -13 -14 -15
leaf_value=-0.00013814990205154734 0.00025087236898622533 0.015456579050617484 0.0095200536903593987 0.00050058428180156493 0.00033642015709827865 -5.2281943194404052e-05 -0.0024999736224276116 0.0053413728578036125 -0.00099562685747407666 0.00052069724631766741 0.013807307216016888 -0.0016382852753572136 -0.002224316296026345 -0.0018763969304810371
leaf_weight=45.775284623261541 966.95324040809646 9.5806838870048541 13.392937779426573 71.545381238684058 131.15376203414053 4500.6018728897907 234.36751791834831 209.45269626518711 735.65867201983929 390.0174491466023 21.791224181652069 1066.8797093899921 17.672693222761154 236.0602276683785
leaf_count=384 4334 82 24 252 788 23476 1017 834 3654 1780 122 3418 148 2675
internal_value=-0.000853699 0.00201071 0.0239904 -0.00145046 -0.00046348 0 0.00134001 0.0026944 -0.00356429 -0.00156771 -0.00463099 -0.00548244 0.00230262 -0.0078714
internal_weight=8650.9 1473.21 40.6463 7177.69 4913.59 4631.76 1432.56 1176.41 2264.1 1125.68 256.159 1138.43 27.2534 281.836
internal_count=42988 6561 254 36427 27323 24264 6307 5168 9104 5434 1139 3670 230 3059
is_linear=0
shrinkage=0.105172


Tree=30
num_leaves=16
num_cat=0
split_feature=26 9 8 26 17 24 27 26 32 7 23 10 23 26 38
split_gain=1.2438 1.37353 2.7679 2.8691 2.31403 4.98133 1.61507 1.24273 1.02615 1.36723 2.57967 0.751617 1.48583 0.705298 0.498528
threshold=0.4155589714723727 0.32016541657157555 0.33081897066394989 0.42213328328660765 1.7367602618918057 11.500000000000002 0.26333157069089358 0.41816184440192811 0.80277044854881274 0.21093136717576319 0.0077186624606392371 0.18608371417613015 0.051588214210001822 0.20061109055888335 7.5000000000000009
decision_type=8 10 10 10 10 2 8 8 10 8 8 10 10 10 2
left_child=8 4 3 -3 7 -6 -4 -2 9 13 -11 12 -10 -1 -13
right_child=1 2 6 -5 5 -7 -8 -9 11 10 -12 14 -14 -15 -16
leaf_value=-0.0017700815071622061 0.0060992857930665034 0.012160337892339454 0.0028278518134965715 0.0034132994604519806 -0.0026554132972097071 0.0012831939543770788 -0.00027371460189223938 -0.00055846853847898157 -0.0015666020356212931 0.0018278333925719448 1.5769343799354174e-06 -0.0024580484961677865 0.008905510174161942 -0.00035471985882270797 -1.6016206351287271e-05
leaf_weight=290.06558002671227 23.287334831431508 24.516345794312656 554.80539233237505 308.99655942199752 80.073312722146511 48.456984043121338 1292.6231770813465 2491.0643997630104 106.50367991160601 20.680911734234542 1810.1259650625288 657.59992110496387 20.124938239343464 801.39128556195647 120.5875650420785
leaf_count=1810 104 134 1782 1785 604 70 5503 15754 378 374 8333 1486 82 3993 796
internal_value=-0.000748516 0.000363559 0.00232716 0.0111556 -0.00123297 0.0124551 0.000698235 -0.00195867 -0.00216669 -0.00118029 0.000545835 -0.00528172 0.00185052 -0.0041332 -0.00652364
internal_weight=8650.9 4823.82 2180.94 333.513 2642.88 128.53 1847.43 2514.35 3827.08 2922.26 1830.81 904.816 126.629 1091.46 778.187
internal_count=42988 25736 9204 1919 16532 674 7285 15858 17252 14510 8707 2742 460 5803 2282
is_linear=0
shrinkage=0.105172


Tree=31
num_leaves=16
num_cat=0
split_feature=34 7 16 26 7 7 7 16 22 17 16 7 35 27 33
split_gain=1.47148 1.57268 2.08959 1.67279 1.54681 2.7027 2.01217 1.0043 1.4886 0.939258 1.44575 0.889981 0.577447 0.359878 0.192151
threshold=0.019100273534476523 0.2280597894454641 1.3277633398352269 0.51405258149871613 0.61569701193331317 0.66030699864308839 0.63307616002030576 0.84674524046938704 0.049501752581076884 1.1904490666863696 0.9841665961972117 0.18895555718551968 5.2850547905903591 0.92235057869612846 0.055144415126893061
decision_type=10 8 10 10 10 10 10 10 10 10 10 10 2 10 8
left_child=1 9 3 -3 7 6 -6 8 -2 11 -11 -1 -9 -7 -4
right_child=4 2 14 -5 5 13 -8 12 -10 10 -12 -13 -14 -15 -16
leaf_value=-0.00015639947841056341 0.010663805357165315 -4.9321085390371468e-05 -0.0024769018721804508 0.0018392651159556688 0.00073018301628233358 -0.00086212792530763907 0.0040710804995086596 -0.0012088629648877283 -0.00046901189304565904 -0.00060076426453155665 0.00061433581973804603 -0.001023321545929295 -3.2159612102994493e-05 0.00018909519839211927 -0.0010736361182982241
leaf_weight=924.65239293547347 26.763587202876806 2672.8612264022231 241.13951682113111 1544.0742575353943 24.217745721340179 61.618878174573183 25.145160228013992 1166.6956297513098 73.23688056319952 342.80802349187434 155.62628565775231 1065.3012927486561 196.55756777524948 56.98667186498642 73.218235799111426
leaf_count=7078 130 12310 960 8720 72 170 82 2490 246 2149 1144 5585 478 268 1106
internal_value=-0.00107251 -0.000401208 0.000754636 0.00138405 -0.00392223 0.00545342 0.0262124 -0.0050422 0.00478374 -0.00253127 0.00146197 -0.00356327 -0.00580987 -0.00268124 -0.00748359
internal_weight=8650.9 7019.68 4531.29 4216.94 1631.22 167.968 49.3629 1463.25 100 2488.39 498.434 1989.95 1363.25 118.606 314.358
internal_count=42988 39052 23096 21030 3936 592 154 3344 376 15956 3293 12663 2968 438 2066
is_linear=0
shrinkage=0.105172


Tree=32
num_leaves=13
num_cat=0
split_feature=34 18 17 16 7 18 5 20 5 33 23 9
split_gain=1.31692 1.86924 2.88214 1.2923 1.51273 1.5353 1.00885 0.855225 0.742425 0.408416 0.556603 0.0761746
threshold=0.019100273534476523 -0.12324960039470782 1.5730439414211599 1.3277633398352269 0.21503780903805755 -0.049846553990547042 0.19623803306773491 0.17611748579630679 0.77678816939885109 0.054093746488814494 0.12811079485279919 0.47143233604153623
decision_type=10 10 10 10 8 10 10 10 8 8 10 10
left_child=3 2 -2 4 5 -1 -6 8 -3 11 -11 -5
right_child=1 7 -4 9 6 -7 -8 -9 -10 10 -12 -13
leaf_value=0.0017662606752521493 0.0036429176159616752 -0.00077145637544989406 -0.0055484191578145754 -0.00223070854015542 -9.1445654592354225e-06 -0.00048083545872810903 0.0012890079523522958 0.0047760941948947321 -7.1910545499026315e-05 -0.00096071987005743448 0.00042042992612800067 -0.0028562348711663665
leaf_weight=16.532266111113131 24.862726926803589 1185.7936391849071 23.650405436754227 225.91777395177633 3161.921131524723 2050.6044417694211 1463.9669669512659 55.792649298906326 341.12270043417811 77.901904274243861 4.1246113115921608 18.712135497480631
leaf_count=204 80 2648 76 852 15105 12457 7988 96 1036 2056 266 124
internal_value=-0.00103612 -0.00373252 0.0162923 -0.000400453 -7.55616e-05 -0.00244944 0.000971631 -0.00438805 -0.00488157 -0.00686021 0 -0.00901578
internal_weight=8650.9 1631.22 48.5131 7019.68 6693.02 2067.14 4625.89 1582.71 1526.92 326.656 82.0265 244.63
internal_count=42988 3936 156 39052 35754 12661 23093 3780 3684 3298 2322 976
is_linear=0
shrinkage=0.105172


Tree=33
num_leaves=14
num_cat=0
split_feature=33 9 32 9 28 33 24 27 39 12 22 9 32
split_gain=1.64911 1.21077 1.7207 1.37067 1.20283 1.53774 1.03863 0.999571 0.683616 0.3138 0.289284 0.232794 0.128402
threshold=0.0092748671191494898 0.36042979384986218 0.94261213720316628 0.41021251407685561 -0.012149999999999992 0.012709257781763685 9.5000000000000018 0.92235057869612846 3.5000000000000004 0.085821765794295471 0.02950360680012316 0.26445373831570701 0.88984168865435365
decision_type=8 10 10 10 8 10 2 10 2 10 10 10 10
left_child=6 4 3 -3 5 -2 10 -6 9 -8 12 -12 -1
right_child=1 2 -4 -5 7 -7 8 -9 -10 -11 11 -13 -14
leaf_value=0.00096352175995329361 0.0041171932081219744 0.0012681289496557142 0.024639848454966189 -7.5957104155884429e-05 -0.00033533127587750977 7.380290525988231e-05 -0.0019807415335021021 0.0027823039727887123 0.0003232227714328994 -7.3390914951986706e-05 -0.0027684307807783809 8.5022449170629334e-05 -0.0012644064114139164
leaf_weight=14.772756977938114 78.609994591446593 632.0486134570092 32.195020973682404 959.46031433483586 4382.5766667018179 1145.4720488507301 506.05706856772304 45.294699483551085 74.618740558624268 73.147102832794189 54.838876284658909 552.78901087865233 99.022438179701567
leaf_count=582 1348 2440 78 3339 22265 5410 574 412 104 92 1070 4558 716
internal_value=-0.000980609 -0.000339809 0.00217851 0.00164761 -0.0010745 0.00181717 -0.00432428 -0.00188822 -0.00738477 -0.00862338 -0.00146183 -0.000436917 -0.00637067
internal_weight=8650.9 7275.66 1623.7 1591.51 5651.95 1224.08 1375.25 4427.87 653.823 579.204 721.423 607.628 113.795
internal_count=42988 35292 5857 5779 29435 6758 7696 22677 770 666 6926 5628 1298
is_linear=0
shrinkage=0.105172


Tree=34
num_leaves=15
num_cat=0
split_feature=20 12 12 27 5 18 23 30 1 33 28 11 33 31
split_gain=1.12932 2.31738 3.95602 2.38737 1.98599 1.64794 1.57653 1.26583 1.37646 2.55539 1.6047 0.710102 3.54746 0.98119
threshold=0.095862254283806639 0.04134254163628575 0.040222671536409446 0.13854717368909522 0.45407750961910304 0.14035222713346943 0.084203255698283477 17.730000000000004 0.094562020460358068 0.020216507582966451 0.0026000000000000194 0.47704164522203396 0.048836570964891808 1.0050000000000001
decision_type=10 8 10 8 10 10 10 10 2 10 8 10 10 8
left_child=7 2 3 -2 5 -3 -6 8 10 -10 -1 13 -13 -9
right_child=1 4 -4 -5 6 -7 -8 11 9 -11 -12 12 -14 -15
leaf_value=6.4174358413996316e-05 -0.0018070366786825554 -0.0004513921255813634 0.0095589885544085495 0.0061735906943746763 0.007900384604523256 0.012812687129963559 0.0020819787483551777 -0.0011582985176071363 0.0015189042559770108 1.273184831279438e-05 -0.001129683630305594 -0.00045288552696982518 0.0029473172618072413 -0.00030287938350868817
leaf_weight=1088.4884866829962 112.34837204916403 1055.4689826983958 21.444281615316868 102.45891029248014 13.66921918094158 30.55009678658098 24.341743322089314 525.87623538821936 367.6465885147918 1328.5983980242163 1156.6351676930208 573.28457832802087 83.884668126702309 2166.2076239702292
leaf_count=6528 774 4300 85 602 44 112 158 1246 2170 6277 6894 2620 298 10880
internal_value=-0.000776605 0.00198682 0.0114511 0.00679114 0 -0.000832768 0.0235679 -0.00130091 -7.28317e-06 0.00223758 -0.00173152 -0.00280428 0.000205332 -0.0035624
internal_weight=8650.9 1360.28 236.252 214.807 1124.03 1086.02 38.011 7290.62 3941.37 1696.24 2245.12 3349.25 657.169 2692.08
internal_count=42988 6075 1461 1376 4614 4412 202 36913 21869 8447 13422 15044 2918 12126
is_linear=0
shrinkage=0.105172


end of trees

feature_importances:
parkinson_rv_60d=32
iv_rank=32
hist_move_avg_8q=26
spy_drift_60d=26
hist_move_med_8q=25
iv_crush_pct=24
hv_rank=24
log_spot=24
hist_move_std_4q=23
rv_term_ratio=20
hist_move_avg_4q=20
vix_current=19
cc_rv_10d=18
drift_5d=18
parkinson_rv_10d=17
hist_move_med_4q=17
tlt_spy_ratio_30d=17
iv_mom_week=16
volume_ratio_20d=15
cc_rv_20d=13
vol_of_vol_20d=12
vix_change_30d=11
hist_event_count=9
vix_pct_252d=8
straddle_pct=6
event_vol_fraction=5
atm_iv=4
parkinson_rv_20d=4
iv_cc_rv_ratio_20d=3
event_move_implied=2
hist_straddle_accuracy=2
timing_bmo=2
earnings_month=2
em_iv_pct=1
iv_rv_ratio_60d=1
timing_amc=1
earnings_dow=1

parameters:
[boosting: gbdt]
[objective: quantile]
[metric: quantile]
[tree_learner: serial]
[device_type: cpu]
[data_sample_strategy: bagging]
[data: ]
[valid: ]
[num_iterations: 1500]
[learning_rate: 0.105172]
[num_leaves: 31]
[num_threads: 8]
[seed: 42]
[deterministic: 0]
[force_col_wise: 0]
[force_row_wise: 0]
[histogram_pool_size: -1]
[max_depth: 4]
[min_data_in_leaf: 75]
[min_sum_hessian_in_leaf: 0.001]
[bagging_fraction: 0.880172]
[pos_bagging_fraction: 1]
[neg_bagging_fraction: 1]
[bagging_freq: 0]
[bagging_seed: 400]
[bagging_by_query: 0]
[feature_fraction: 0.750692]
[feature_fraction_bynode: 1]
[feature_fraction_seed: 30056]
[extra_trees: 0]
[extra_seed: 12879]
[early_stopping_round: 0]
[early_stopping_min_delta: 0]
[first_metric_only: 0]
[max_delta_step: 0]
[lambda_l1: 0.600869]
[lambda_l2: 0.181866]
[linear_lambda: 0]
[min_gain_to_split: 0]
[drop_rate: 0.1]
[max_drop: 50]
[skip_drop: 0.5]
[xgboost_dart_mode: 0]
[uniform_drop: 0]
[drop_seed: 17869]
[top_rate: 0.2]
[other_rate: 0.1]
[min_data_per_group: 100]
[max_cat_threshold: 32]
[cat_l2: 10]
[cat_smooth: 10]
[max_cat_to_onehot: 4]
[top_k: 20]
[monotone_constraints: ]
[monotone_constraints_method: basic]
[monotone_penalty: 0]
[feature_contri: ]
[forcedsplits_filename: ]
[refit_decay_rate: 0.9]
[cegb_tradeoff: 1]
[cegb_penalty_split: 0]
[cegb_penalty_feature_lazy: ]
[cegb_penalty_feature_coupled: ]
[path_smooth: 0]
[interaction_constraints: ]
[verbosity: -1]
[saved_feature_importance_type: 0]
[use_quantized_grad: 0]
[num_grad_quant_bins: 4]
[quant_train_renew_leaf: 0]
[stochastic_rounding: 1]
[linear_tree: 0]
[max_bin: 255]
[max_bin_by_feature: ]
[min_data_in_bin: 3]
[bin_construct_sample_cnt: 200000]
[data_random_seed: 175]
[is_enable_sparse: 1]
[enable_bundle: 1]
[use_missing: 1]
[zero_as_missing: 0]
[feature_pre_filter: 1]
[pre_partition: 0]
[two_round: 0]
[header: 0]
[label_column: ]
[weight_column: ]
[group_column: ]
[ignore_column: ]
[categorical_feature: ]
[forcedbins_filename: ]
[precise_float_parser: 0]
[parser_config_file: ]
[objective_seed: 16083]
[num_class: 1]
[is_unbalance: 0]
[scale_pos_weight: 1]
[sigmoid: 1]
[boost_from_average: 1]
[reg_sqrt: 0]
[alpha: 0.9]
[fair_c: 1]
[poisson_max_delta_step: 0.7]
[tweedie_variance_power: 1.5]
[lambdarank_truncation_level: 30]
[lambdarank_norm: 1]
[label_gain: ]
[lambdarank_position_bias_regularization: 0]
[eval_at: ]
[multi_error_top_k: 1]
[auc_mu_weights: ]
[num_machines: 1]
[local_listen_port: 12400]
[time_out: 120]
[machine_list_filename: ]
[machines: ]
[gpu_platform_id: -1]
[gpu_device_id: -1]
[gpu_use_dp: 0]
[num_gpu: 1]

end of parameters

pandas_categorical:[]
