tree
version=v4
num_class=1
num_tree_per_iteration=1
label_index=0
max_feature_idx=39
objective=quantile
feature_names=atm_iv straddle_pct em_iv_pct dte event_move_implied iv_crush_pct event_vol_fraction parkinson_rv_10d parkinson_rv_20d parkinson_rv_60d cc_rv_10d cc_rv_20d vol_of_vol_20d iv_rv_ratio_20d iv_rv_ratio_60d iv_cc_rv_ratio_20d rv_term_ratio volume_ratio_20d drift_5d hist_move_avg_4q hist_move_med_4q hist_move_std_4q hist_move_avg_8q hist_move_med_8q hist_event_count hist_straddle_accuracy iv_rank hv_rank iv_mom_week iv_mom_month vix_current vix_change_30d vix_pct_252d spy_drift_60d tlt_spy_ratio_30d log_spot timing_bmo timing_amc earnings_month earnings_dow
feature_infos=[0.0562:9.827300000000001] [0.00083333333333333339:1.6799999999999997] [0.0091011673193795578:3.656330081739084] [1:60] [0:1.4691042020914447] [-3.8580100290314063:0.85581277028745872] [0.034672503568223635:67.109823252533587] [0.01134305909982487:2.8641721286455586] [0.013894109765131739:2.0282327051980693] [0.016989524212388089:1.5539472798357257] [0.0011017543739895795:11.594960128394431] [0.00077905798904997125:13.8827006001165] [0.0026076256319010121:1.389272370927521] [0.1662869210082179:148.89574118624122] [0.20733930042845336:55.329518350439479] [0.03322120193214638:574.09076896240128] [0.070747435815040532:2.4494897427831788] [0.25291709200552448:11.592494971460599] [-0.7543637095495408:0.30175159235668803] [0:0.60000000000000009] [0:0.60000000000000009] [6.3925998781312683e-05:0.74631856464742785] [0:0.60000000000000009] [0:0.60000000000000009] [0:19] [0.0014688435681595078:71.73913043478268] [0:1] [-4.8571428571426418:2.1056533827618167] [-0.92139999999999989:1.0115000000000001] [-1.9800000000000002:0.52549999999999997] [11.99:52.329999999999998] [-29.849999999999998:24.469999999999999] [0.0039577836411609502:1] [-0.15722837228372288:0.2501611343860779] [-0.19287700174254019:0.23027200357131283] [0.28517894223366247:8.6613853060707111] [0:1] [0:1] [1:12] [0:4]
tree_sizes=1124 1042 1358 1146 1258 1264 1144 1148 1257 1259 1263 1255 1475 1370 1459 1576 1680 1582 1817 1590 1481 1590 1489 1805 1936 1474 1821 1911 1811 1911 1464 1673

Tree=0
num_leaves=9
num_cat=0
split_feature=7 23 18 28 7 34 7 17
split_gain=23.6561 18.7426 6.05173 5.24909 4.18781 3.48834 2.88294 1.17944
threshold=0.055067478884503709 0.023842559740877126 0.033728633052021235 -0.011800000000000003 0.30452890753210166 0.012583619509106471 0.1564986931176047 0.39082259274721048
decision_type=8 8 10 8 8 10 10 8
left_child=-1 2 5 -4 6 -2 -3 -6
right_child=1 4 3 -5 7 -7 -8 -9
leaf_value=0.0067582019643351171 0.0072661912600761923 0.0070465211934198175 0.0069372343187325929 0.0069083573984165753 0.0071017324526412504 0.0070024767182436266 0.0075873895730024232 0.0081575232401944128
leaf_weight=41.269297742750496 885.59629851859063 208.42627295479178 103.41809307876974 176.01780329225585 19.627476376481354 188.28358944505453 3571.2596483044326 3457.0048729600385
leaf_count=164 5942 2284 509 714 74 568 18612 14121
internal_value=0.00751566 0.00789682 -0.00345632 -0.0173341 0.0100231 0.000217281 0.00758295 0.0126577
internal_weight=8650.9 8609.63 1353.32 279.436 7256.32 1073.88 3779.69 3476.63
internal_count=42988 42824 7733 1223 35091 6510 20896 14195
is_linear=0
shrinkage=1


Tree=1
num_leaves=8
num_cat=0
split_feature=7 22 24 26 25 18 22
split_gain=23.6295 16.2584 6.81436 4.33382 5.05936 3.45722 2.50705
threshold=0.055067478884503709 0.029875315546091161 12.500000000000002 0.19736989511647099 1.8540098413400325 0.0035204117625747826 0.076802959547222827
decision_type=8 8 2 10 10 10 8
left_child=-1 2 5 4 -3 -2 -5
right_child=1 3 -4 6 -6 -7 -8
leaf_value=-0.00067779274277070321 -0.00019600931158386399 -0.00024187229835569694 -0.00050403926129440589 0.00017189264881512664 -0.00064781982439976839 -0.00049427127089098121 0.00099689174009851196
leaf_weight=41.269297742750496 632.75446323631331 823.89370784512721 38.528413148596883 4117.7612839769572 30.677518937271088 728.84046271909028 2237.178205067059
leaf_count=164 4290 4354 46 19789 172 3660 10513
internal_value=-3.85948e-05 0.000335478 -0.0100261 0.00235671 -0.00464366 -0.00873228 0.00330813
internal_weight=8650.9 8609.63 1400.12 7209.51 854.571 1361.59 6354.94
internal_count=42988 42824 7996 34828 4526 7950 30302
is_linear=0
shrinkage=0.105172


Tree=2
num_leaves=11
num_cat=0
split_feature=8 23 18 28 31 0 9 34 9 17
split_gain=18.7339 12.6241 5.90238 7.4218 4.10832 3.54134 3.56014 3.44509 2.07231 0.97579
threshold=0.076932968752958825 0.023842559740877126 0.047897517223875592 -0.011800000000000003 2.7600000000000011 0.19862500000000002 0.25207757326063401 0.024617190183735319 0.36638731796430013 0.9914084067020652
decision_type=8 10 10 8 8 2 10 10 8 10
left_child=4 2 7 -4 -1 6 -3 -2 -7 -6
right_child=1 5 3 -5 9 8 -8 -9 -10 -11
leaf_value=-0.00060650805674522447 -0.00021380741615734144 -5.5677875260153135e-05 -0.00054266499655162659 -0.00051120400298651459 0.0002172683243413728 7.1562841295132629e-05 -0.00057968744429395076 -0.00049944557740139802 0.00064366299543945648 -0.00059072170373907298
leaf_weight=30.467006832361221 1086.3049242403358 11.552207909524443 55.929300758056343 84.681006259284914 8.4924271134659666 4942.7240784005262 9.8279246995225531 148.11342715471983 2264.7934445696883 8.0176047356799227
leaf_count=108 7874 201 269 370 108 24504 24 458 8962 110
internal_value=-0.000393632 -2.39473e-05 -0.00926748 -0.0298065 -0.0665008 0.00172574 -0.0407058 -0.00687269 0.0018614 -0.0189205
internal_weight=8650.9 8603.93 1375.03 140.61 46.977 7228.9 21.3801 1234.42 7207.52 16.51
internal_count=42988 42662 8971 639 326 33691 225 8332 33466 218
is_linear=0
shrinkage=0.105172


Tree=3
num_leaves=9
num_cat=0
split_feature=7 22 18 24 34 17 26 21
split_gain=21.1277 12.4637 7.22361 6.79695 3.87566 3.53338 2.23188 0.503221
threshold=0.055067478884503709 0.029875315546091161 0.046936654814333297 12.500000000000002 0.024617190183735319 0.39082259274721048 0.19736989511647099 0.040304269710798542
decision_type=8 10 10 2 10 8 8 10
left_child=7 2 4 -4 -2 -3 -7 -1
right_child=1 5 3 -5 -6 6 -8 -9
leaf_value=-0.00052502706769315714 -0.00021263160795323774 -0.00045616543492401149 -0.00045838862336691999 -0.00052665074437247851 -0.00049650078651487046 -0.00036393023716238667 0.00028916848310588122 -0.00054272050980237849
leaf_weight=18.588765980210155 1102.602527662646 38.403994287364185 151.65010841097683 18.503793001174927 150.11206356436014 445.5241948296316 6702.8373731742613 22.68053176254034
leaf_count=94 8137 136 672 19 462 2350 31048 70
internal_value=-0.000335207 1.80882e-05 -0.00896705 -0.0293875 -0.00613908 0.00180598 0.00198555 -0.0752413
internal_weight=8650.9 8609.63 1422.87 170.154 1252.71 7186.77 7148.36 41.2693
internal_count=42988 42824 9290 691 8599 33534 33398 164
is_linear=0
shrinkage=0.105172


Tree=4
num_leaves=10
num_cat=0
split_feature=10 23 18 5 8 34 27 19 34
split_gain=14.3866 10.1923 7.57636 6.4083 3.58276 3.29914 2.8669 2.32746 0.721737
threshold=0.035423789241037097 0.022335044594679835 0.051144829027293233 0.13914886600664794 0.1321379269002417 0.024617190183735319 0.075239701550467067 0.04191705543072393 -0.010138102936809277
decision_type=8 10 10 8 8 10 8 10 10
left_child=8 2 5 -4 6 -2 -3 -6 -1
right_child=1 4 3 -5 7 -7 -8 -9 -10
leaf_value=-0.00048564161429414152 -0.00020516872535855546 -0.000286305409091367 -0.00040923019656940134 -0.00053669680648111011 -0.00012330579836059214 -0.00044428290272131507 -0.00051591373929672638 0.00031698860187665256 -0.00047151554052457609
leaf_weight=16.40557768009603 969.42331955209374 18.908609450794756 48.793335030786693 68.477179222740233 1995.4935138826258 121.13983660936356 19.429672757629305 5374.5838784435764 18.248430043458939
leaf_count=116 7324 270 173 320 9188 380 544 24627 46
internal_value=-0.000387791 -0.000107735 -0.00907224 -0.0345733 0.00134545 -0.00626681 -0.0305686 0.00152079 -0.0678419
internal_weight=8650.9 8616.25 1207.83 117.271 7408.42 1090.56 38.3383 7370.08 34.654
internal_count=42988 42826 8197 493 34629 7704 814 33815 162
is_linear=0
shrinkage=0.105172


Tree=5
num_leaves=10
num_cat=0
split_feature=7 22 18 0 34 26 14 22 21
split_gain=17.5159 8.84513 5.37563 6.8981 3.08907 2.60743 4.55356 2.18759 0.966494
threshold=0.055067478884503709 0.028427818637852816 0.046936654814333297 0.49967500000000004 -0.0062242356854667604 0.19736989511647099 0.98325788224526012 0.076802959547222827 0.041235619470599831
decision_type=8 10 10 2 10 10 8 10 10
left_child=8 2 4 -4 -2 6 -3 -7 -1
right_child=1 5 3 -5 -6 7 -8 -9 -10
leaf_value=-0.00042021888304452778 -0.00011145123280166643 -0.00051378373306554042 -0.00042822245675234858 0.00027462403426947827 -0.00034428051125546697 6.6356513874153881e-05 -0.00025447195590898406 0.00081138298967003725 -0.00043456580924148094
leaf_weight=19.987846435513347 764.64850645512342 24.040495076216757 92.558490800205618 48.371047355700284 348.64457339420915 4241.9654238834046 867.66175317438319 2221.743764791172 21.281451307237148
leaf_count=106 6615 121 403 210 1254 20437 4135 9649 58
internal_value=-0.000187656 0.00013338 -0.00802138 -0.0274739 -0.00549809 0.00153266 -0.00377155 0.00227427 -0.0683937
internal_weight=8650.9 8609.63 1254.22 140.93 1113.29 7355.41 891.702 6463.71 41.2693
internal_count=42988 42824 8482 613 7869 34342 4256 30086 164
is_linear=0
shrinkage=0.105172


Tree=6
num_leaves=9
num_cat=0
split_feature=8 22 39 18 21 17 31 15
split_gain=12.4873 7.7573 4.52816 3.18063 4.33857 3.15985 2.22586 1.72702
threshold=0.076932968752958825 0.031969262796882218 1.5000000000000002 0.0051561392853527463 0.0060530269903360636 0.39082259274721048 0.65000000000000047 0.57317392301363268
decision_type=8 8 2 10 8 8 8 8
left_child=2 3 -1 6 -5 -3 -2 -7
right_child=1 5 -4 4 -6 7 -8 -9
leaf_value=-0.00017999181416415309 -0.00038787327701782286 -0.00044850679053174899 -0.00038886173878691305 -0.00044179918825492618 -0.00027224711972792168 -0.00045974817059129657 0.00015466791163147155 0.00021458489625182596
leaf_weight=16.843816769775003 321.31911894027144 39.770498777739704 30.133221911732107 51.03569670394063 802.10635180165991 56.09680858720094 462.95850295806304 6870.6393362227827
leaf_count=92 1588 136 234 261 3850 362 3372 33093
internal_value=-0.000303569 -4.00751e-07 -0.0542753 -0.0065211 -0.0109777 0.0015233 -0.00159123 0.00170196
internal_weight=8650.9 8603.93 46.977 1637.42 853.142 6966.51 784.278 6926.74
internal_count=42988 42662 326 9071 4111 33591 4960 33455
is_linear=0
shrinkage=0.105172


Tree=7
num_leaves=9
num_cat=0
split_feature=7 22 27 18 17 34 8 26
split_gain=17.0854 6.8463 4.61489 6.04988 3.28419 2.40843 1.97236 0.825718
threshold=0.055067478884503709 0.028427818637852816 0.35475165244801798 0.051144829027293233 0.39082259274721048 0.033372308812263836 0.45719290512503347 0.17241815401774183
decision_type=8 10 10 10 8 10 10 8
left_child=7 2 5 -4 -3 -2 -6 -1
right_child=1 4 3 -5 6 -7 -8 -9
leaf_value=-0.00033532403881121169 -7.0694543662345609e-05 -0.00040133652191444858 -0.00025812465635561801 -0.00039533437027484047 4.9845479369264798e-05 -0.00038272644790445187 0.00059401537010021234 -0.0003479644479079453
leaf_weight=22.211239649448544 807.0840789640788 38.975825692526996 370.59158314648084 60.182006400078535 6160.1180473458953 16.364949494600296 1156.3175638867542 19.058058093301952
leaf_count=80 5466 140 2755 231 29758 30 4444 84
internal_value=-0.000480549 -0.000148885 -0.00733682 -0.0161839 0.00106834 -0.00262936 0.00123918 -0.0678437
internal_weight=8650.9 8609.63 1254.22 430.774 7355.41 823.449 7316.44 41.2693
internal_count=42988 42824 8482 2986 34342 5496 34202 164
is_linear=0
shrinkage=0.105172


Tree=8
num_leaves=10
num_cat=0
split_feature=7 22 22 18 17 34 19 30 21
split_gain=15.8461 6.63141 6.16385 4.8271 3.07187 4.6223 2.62154 1.6393 1.5586
threshold=0.055067478884503709 0.023478770814444768 0.023108252651980594 0.032664944773658118 0.39082259274721048 0.032787478526565723 0.04191705543072393 19.085000000000004 0.041235619470599831
decision_type=8 8 10 10 8 10 8 10 10
left_child=8 2 3 -2 5 -3 -6 -4 -1
right_child=1 4 7 -5 6 -7 -8 -9 -10
leaf_value=-0.00029853036484567903 -0.00015105122446043573 0.00094037865487569487 -0.00041276406123132359 -0.00031692365504743528 -0.00012492216352861694 -0.00035912723557969122 0.00024612135224235543 -0.00023097722038791006 -0.00031136839892142158
leaf_weight=19.987846435513347 516.84406312834471 20.110999594442546 20.952097322791815 150.78565572714433 2388.9314532596618 19.839253962039948 5472.8027499523014 19.367781983688474 21.281451307237148
leaf_count=106 3692 120 106 729 11332 30 26753 62 58
internal_value=-0.000486579 -0.000166895 -0.00992289 -0.00739265 0.000699402 -0.0282781 0.000855343 -0.0500378 -0.0653614
internal_weight=8650.9 8609.63 707.95 667.63 7901.68 39.9503 7861.73 40.3199 41.2693
internal_count=42988 42824 4589 4421 38235 150 38085 168 164
is_linear=0
shrinkage=0.105172


Tree=9
num_leaves=10
num_cat=0
split_feature=7 22 27 18 7 10 26 5 23
split_gain=13.9642 6.36758 6.3375 6.66059 2.40767 3.49334 2.20263 1.73125 1.60701
threshold=0.055067478884503709 0.023478770814444768 0.35475165244801798 0.051144829027293233 0.1564986931176047 0.23191275109382592 0.17241815401774183 0.14479424804487498 0.015456399862589123
decision_type=8 10 10 10 8 10 8 10 8
left_child=6 2 8 -4 5 -3 -1 -6 -2
right_child=1 4 3 -5 7 -7 -8 -9 -10
leaf_value=-0.00026731022799586398 -0.00030101720930727458 -0.00027397543178776101 -0.0002109241491925088 -0.00032042490828108401 -5.7463833548429812e-05 -0.00033054027586360013 -0.00027862122245470868 0.00027831721933360747 0.00016957261158996294
leaf_weight=22.211239649448544 226.71694675693288 255.07697983644903 208.82168826903217 49.164470427669585 3739.2084491821006 8.2891765385866147 19.058058093301952 3876.364697676152 245.99164624349214
leaf_count=80 1792 2670 1792 171 16138 26 84 18107 2128
internal_value=-0.000440634 -0.000140085 -0.009537 -0.0228156 0.000723566 -0.00913418 -0.0613412 0.00107298 -0.00215045
internal_weight=8650.9 8609.63 730.695 257.986 7878.94 263.366 41.2693 7615.57 472.709
internal_count=42988 42824 5883 1963 36941 2696 164 34245 3920
is_linear=0
shrinkage=0.105172


Tree=10
num_leaves=10
num_cat=0
split_feature=26 23 25 22 20 19 26 28 31
split_gain=10.2692 5.95901 5.23165 2.55427 4.01801 2.53134 3.28463 2.87938 1.79032
threshold=0.034017336725933364 0.014654055340880436 0.76264394945581981 0.014880566253881055 0.006441172028787274 0.04191705543072393 0.15839123370189842 -0.0089000000000000034 -3.4450000000000007
decision_type=8 8 10 10 10 8 8 10 8
left_child=2 3 -1 8 -5 7 -7 -3 -2
right_child=1 5 -4 4 -6 6 -8 -9 -10
leaf_value=-0.00027541817488155768 -0.0002281115822524947 -0.00023633743640328919 -0.00052559700354300122 -0.00037751569070149674 -0.00028775234580503891 -0.0005298408849387339 0.00022901943262861402 2.4314757989388403e-06 0.00032550716994307854
leaf_weight=13.471310129389165 4.8791457638144493 1037.0549538591877 24.095787597354501 34.70716417580843 244.79968457575887 144.11756529053673 5343.2653252137825 1710.2445674338378 94.267848633695394
leaf_count=138 13 4618 84 244 1318 1192 25515 8310 1556
internal_value=-0.000179098 5.34536e-05 -0.0549158 -0.0128357 -0.0179934 0.000654076 0.00196452 -0.00194033 0.00107479
internal_weight=8650.9 8613.34 37.5671 378.654 279.507 8234.68 5487.38 2747.3 99.147
internal_count=42988 42766 222 3131 1562 39635 26707 12928 1569
is_linear=0
shrinkage=0.105172


Tree=11
num_leaves=10
num_cat=0
split_feature=7 23 18 35 18 5 17 19 26
split_gain=10.5232 5.21706 5.0793 2.87438 2.4149 2.28333 3.19566 2.15438 1.08903
threshold=0.055067478884503709 0.014654055340880436 0.036149890567561134 4.3898087731929758 -0.013838166528701843 0.14479424804487498 0.39082259274721048 0.039000373644854848 0.17241815401774183
decision_type=8 8 10 2 8 10 8 10 8
left_child=8 2 4 -4 -2 6 -3 -7 -1
right_child=1 5 3 -5 -6 7 -8 -9 -10
leaf_value=-0.00018391874343005627 -0.00031203424497345481 -0.00033939998804308555 -0.00015005912750955949 -0.00026389205023120944 -2.4413903801257042e-05 -8.520275756659801e-05 -8.0884264324886543e-05 0.00049595301565061539 -0.00027340451269827044
leaf_weight=22.211239649448544 74.284374649636447 29.74404288828373 48.187707980163395 23.480069818440825 230.20763587299734 1009.2635964101646 4101.4774798506405 3092.9891474600881 19.058058093301952
leaf_count=80 1030 84 287 90 1742 5341 19154 15096 84
internal_value=-0.00020289 4.4291e-05 -0.012057 -0.0373797 -0.00587061 0.000605085 -0.00112983 0.00236763 -0.0530685
internal_weight=8650.9 8609.63 376.16 71.6678 304.492 8233.47 4131.22 4102.25 41.2693
internal_count=42988 42824 3149 377 2772 39675 19238 20437 164
is_linear=0
shrinkage=0.105172


Tree=12
num_leaves=12
num_cat=0
split_feature=7 23 23 24 17 27 34 15 17 19 5
split_gain=8.13176 5.11112 3.77482 3.10068 3.27169 2.51832 2.13721 1.81956 2.24661 2.02642 1.01123
threshold=0.12143879776513906 0.014654055340880436 0.083333333333333329 12.500000000000002 0.85599865624696958 0.10872499452583968 -0.050941485837104498 0.57317392301363268 0.82119026554130292 0.04191705543072393 -0.11930842192044029
decision_type=8 8 10 2 10 10 10 8 10 8 10
left_child=2 3 5 4 -2 10 -7 8 -3 -9 -1
right_child=1 7 -4 -5 -6 6 -8 9 -10 -11 -12
leaf_value=-0.00016457567725024113 0.00034674214151061831 -2.3528777932791006e-05 -0.00024465006666219276 -0.00018833868619105035 -0.00022973490907591469 0.00042159530398468972 -0.00038242401589054899 -7.6241829780897792e-05 -0.0005644418596380251 0.00018562652064215335 1.4163825796003259e-05
leaf_weight=10.130281192250548 122.08423649240285 48.039566995576024 12.799042660277335 10.790323248133062 237.01547577232122 6.8374071130529037 17.943982301279906 2706.6416729288176 24.268004487268627 5421.0725300293416 33.280829452443868
leaf_count=64 1118 300 68 13 1874 264 116 12510 154 26199 308
internal_value=-0.000124177 0.000182302 -0.0332597 -0.0118979 -0.0100026 -0.0220366 -0.0490038 0.000735179 -0.0158075 0.000890475 -0.00505246
internal_weight=8650.9 8569.91 80.9915 369.89 359.1 68.1925 24.7814 8200.02 72.3076 8127.71 43.4111
internal_count=42988 42168 820 3005 2992 752 380 39163 454 38709 372
is_linear=0
shrinkage=0.105172


Tree=13
num_leaves=11
num_cat=0
split_feature=23 21 14 30 34 24 11 19 19 21
split_gain=4.17841 4.57033 4.07993 3.94543 3.61435 2.30547 1.93201 2.28288 1.61606 1.02496
threshold=0.014654055340880436 0.0047743742537251811 0.82391894332024151 18.665000000000003 0.023890780563718298 12.500000000000002 0.10718866985322065 0.088564634953957166 0.041657799799675342 0.016450143881526356
decision_type=10 8 8 10 10 2 8 8 10 10
left_child=1 3 -2 -1 5 -3 7 -4 -8 -6
right_child=2 4 6 -5 9 -7 8 -9 -10 -11
leaf_value=-0.00020454617064187352 -0.00040931303506009688 -4.6654497636946242e-06 -0.00014726695625057887 -0.00033507513753973817 -9.2292296052343776e-05 -9.6411744990366552e-05 -7.9917522191935486e-05 -0.00030066961104458672 0.00015310754942374604 -0.00027260554385743569
leaf_weight=21.061817968264222 25.654146055690944 303.35890928609297 46.44601355586201 12.936751944944261 29.268995940685272 7.7742205858230582 2698.502667165827 7.0238472111523143 5470.1068229340017 28.769160024821758
leaf_count=141 148 4088 578 70 72 8 12546 124 25127 86
internal_value=-1.68613e-05 -0.0104758 0.000486954 -0.0475895 -0.00686495 -0.00214413 0.000625634 -0.0192222 0.000763715 -0.0310013
internal_weight=8650.9 403.17 8247.73 33.9986 369.171 311.133 8222.08 53.4699 8168.61 58.0382
internal_count=42988 4465 38523 211 4254 4096 38375 702 37673 158
is_linear=0
shrinkage=0.105172


Tree=14
num_leaves=12
num_cat=0
split_feature=23 21 30 30 35 26 5 18 28 5 5
split_gain=4.1938 4.57033 3.94543 3.13466 4.00408 2.97229 2.86361 2.08122 1.58038 1.50951 1.50361
threshold=0.014654055340880436 0.0047743742537251811 18.665000000000003 19.600000000000005 4.7831489898453983 0.034017336725933364 0.39618452648017682 -0.054589020408718707 -0.074900000000000036 0.14479424804487498 0.54887391307794353
decision_type=10 8 10 10 2 8 8 8 10 10 10
left_child=1 2 -1 10 -5 6 -2 8 -7 -9 -3
right_child=5 3 -4 4 -6 7 -8 9 -10 -11 -12
leaf_value=-0.0001830336807141779 -0.00048851802382641693 2.9067022648596485e-06 -0.00029983468058703683 -0.00017901687328958379 -8.627194776752756e-05 -0.00078146144512099497 1.7135870696713138e-05 -0.00011528792712461984 0.00070027535231083284 0.00010788854054653888 -0.00043125817579191543
leaf_weight=21.061817968264222 17.030896848067641 244.93878456950188 12.936751944944261 79.783234609756619 22.16552328132093 72.718578080646694 17.19805771112442 3783.7557760598138 689.54007180547342 3667.490116417408 22.283743376843631
leaf_count=141 100 3564 70 464 92 266 64 17045 2967 18081 134
internal_value=0 -0.0104758 -0.0475895 -0.00686495 -0.0225586 0.000507421 -0.0303 0.000644169 0.00587927 0.00010001 -0.000630026
internal_weight=8650.9 403.17 33.9986 369.171 101.949 8247.73 34.229 8213.5 762.259 7451.25 267.223
internal_count=42988 4465 211 4254 556 38523 164 38359 3233 35126 3698
is_linear=0
shrinkage=0.105172


Tree=15
num_leaves=13
num_cat=0
split_feature=21 22 26 7 15 8 34 19 31 24 12 7
split_gain=3.99646 4.27374 3.13502 2.74661 1.93521 2.11419 1.98929 1.72871 1.36872 1.10099 0.48002 0.970582
threshold=0.0047743742537251811 0.023778629238152351 0.24146217147660959 0.12143879776513906 0.57317392301363268 0.31594984810272692 0.017490235865534113 0.088564634953957166 1.6800000000000017 11.500000000000002 0.04134254163628575 0.18819243064194743
decision_type=8 10 8 8 8 10 10 10 8 2 8 10
left_child=1 2 -1 7 6 -6 -5 9 -4 -2 11 -3
right_child=3 10 8 4 5 -7 -8 -9 -10 -11 -12 -13
leaf_value=-0.00025024529811954501 -0.00017615958644997252 0.00022180906682046879 -0.00035808418827773454 -0.00017690096548319734 -5.6837766403927888e-05 0.00027322894288194183 -0.00046980276562948138 -0.00019864464449911604 0.00027475773047146732 1.5333660249025229e-05 0.00055332889736359745 -0.00052482831149372369
leaf_weight=20.88736829906702 45.170211352873594 11.924054544419052 10.192517462186514 57.936761735938489 5169.3497019167989 3236.5045376382768 15.718432143330572 11.280663117300717 12.062438305467369 18.937282085418701 32.351449342444539 8.5879347296431643
leaf_count=106 718 110 85 394 28697 12386 74 58 76 28 142 114
internal_value=-4.91385e-05 -0.021373 -0.0458836 0.000183227 0.000368436 0.000524622 -0.0165577 -0.0197633 -0.0145851 -0.0117462 -8.95486e-05 -0.0136972
internal_weight=8650.9 96.0058 43.1423 8554.9 8479.51 8405.85 73.6552 75.3882 22.255 64.1075 52.8634 20.512
internal_count=42988 633 267 42355 41551 41083 468 804 161 746 366 224
is_linear=0
shrinkage=0.105172


Tree=16
num_leaves=14
num_cat=0
split_feature=21 10 25 20 35 39 12 7 11 15 27 31 16
split_gain=4.01072 3.02127 2.66871 2.16365 3.83608 3.4284 2.0381 1.96916 2.15109 1.49783 0.228589 0.180798 0.0914935
threshold=0.0047743742537251811 0.24072987224539785 0.29845036794681007 0.0076507057701147305 4.2846893922933988 1.5000000000000002 0.025491115522693609 0.14278232399833507 0.1735962769554362 0.57317392301363268 0.018805449205836731 -0.39500000000000041 1.2839072814650005
decision_type=8 8 10 8 2 2 10 8 10 8 8 8 8
left_child=1 2 6 4 10 -6 -1 8 -5 -9 -2 -4 -3
right_child=3 12 11 7 5 -7 -8 9 -10 -11 -12 -13 -14
leaf_value=-0.00032042382793259273 -0.00030909105537432833 0.0018561073154168468 -0.00046963117077312918 -9.5311918653606957e-05 -0.00021912986869348906 -0.00015378681011591987 -0.00022392654847805035 -0.00030879085504985202 -0.00078315168393370833 4.4507837113602164e-05 0.0010144941278684022 0.0011300817335927395 -0.00024198177645190621
leaf_weight=15.871012263931332 4.4563214434310794 20.947197611443698 7.1853590290993452 162.17480295198038 17.209496417082846 33.501035764347762 26.404378526844084 73.62772021908313 39.991428738459945 8177.0420163897797 46.894768065772951 12.636428088881077 12.961387163028119
leaf_count=112 108 150 86 1621 72 304 113 464 278 38618 890 122 50
internal_value=8.30176e-05 -0.0212632 -0.0351005 0.000330405 -0.0148565 -0.0354711 -0.0500251 0.000521568 -0.00970547 0.000780029 0.00432795 0 0.00227562
internal_weight=8650.9 96.0058 62.0972 8554.9 102.062 50.7105 42.2754 8452.84 202.166 8250.67 51.3511 19.8218 33.9086
internal_count=42988 633 433 42355 1374 376 225 40981 1899 39082 998 208 200
is_linear=0
shrinkage=0.105172


Tree=17
num_leaves=13
num_cat=0
split_feature=21 22 26 20 30 7 11 26 28 35 12 7
split_gain=4.02449 4.25008 3.13502 2.78654 3.66748 1.92575 2.15109 1.63559 1.47384 1.27416 0.495264 1.00098
threshold=0.0047743742537251811 0.023778629238152351 0.24146217147660959 0.0076507057701147305 20.285000000000004 0.14278232399833507 0.1735962769554362 0.44825370630838091 -0.067850000000000008 4.2539801697567405 0.04134254163628575 0.18819243064194743
decision_type=8 10 8 8 10 8 10 10 8 2 8 10
left_child=1 2 -1 4 7 6 -5 -2 -7 -4 11 -3
right_child=3 10 9 5 -6 8 -8 -9 -10 -11 -12 -13
leaf_value=-0.00020037578923596286 0.00028900202483730496 0.00023218055922479735 -0.00028672427565369781 -8.5287792151551967e-05 -0.00019608358492130624 -0.00028496259428222834 -0.00070078620791617365 -0.0001376127737443296 4.384163788510875e-05 0.0002795605163588142 0.00052058395874357002 -0.00042023921296093707
leaf_weight=20.88736829906702 64.102601930964738 11.924054544419052 10.673866816796364 162.17480295198038 26.985838526859879 416.18450955091976 39.991428738459945 10.973181232810019 7834.4852270579431 11.581088950857518 32.351449342444539 8.5879347296431643
leaf_count=106 942 110 81 1621 142 2405 278 290 36677 80 142 114
internal_value=-3.81548e-05 -0.021437 -0.0458836 0.000195053 -0.017049 0.000411101 -0.00970547 -0.00412967 0.000666855 -0.0145851 -0.000205578 -0.0139946
internal_weight=8650.9 96.0058 43.1423 8554.9 102.062 8452.84 202.166 75.0758 8250.67 22.255 52.8634 20.512
internal_count=42988 633 267 42355 1374 40981 1899 1232 39082 161 366 224
is_linear=0
shrinkage=0.105172


Tree=18
num_leaves=15
num_cat=0
split_feature=23 18 35 16 20 34 33 18 10 8 28 16 16 33
split_gain=4.53342 4.31611 3.42722 2.57256 2.09168 2.13236 2.12383 1.79615 1.36428 2.27755 1.2368 1.43067 1.21074 0.317839
threshold=0.014654055340880436 0.038337282565523052 4.3898087731929758 0.98017057039536215 0.0027811413113487675 -0.0092787293114214835 0.028870247836177757 -0.058943437451912599 1.0631843515748887 0.58185360410447384 -0.067850000000000008 1.1854316016803546 1.1898775327250293 0.095869209559027238
decision_type=8 10 2 10 10 10 10 8 10 10 10 10 10 10
left_child=1 4 3 -3 5 -1 -6 10 12 -10 11 -2 -9 -12
right_child=7 2 -4 -5 6 -7 -8 8 9 -11 13 -13 -14 -15
leaf_value=0.00082068974389397972 0.00054421399483029539 -7.8176797360643636e-05 -0.00021149313639224512 -5.8992041759553328e-05 0.0006071747359136855 -2.7552092559727213e-05 -0.00016350348890393455 3.2714989055241704e-05 -0.00054603558550993074 0.0011013798259422707 0.00071836694735347151 -0.00084761439313079865 -0.00021076145037104545 -0.00014574525801924718
leaf_weight=4.7274568034335971 33.686421722173691 12.877905915491281 23.444134491030127 31.814751539379358 100.09317534510046 7.3243666887283307 200.12812018953264 6559.295423080679 19.350032210350037 28.611310511827469 549.46338947303593 24.722292806021869 997.29142019897699 58.073151697404683
leaf_count=782 144 121 86 140 692 10 1334 31958 36 152 2189 88 4892 364
internal_value=-0.000107749 -0.0113366 -0.0354711 -0.0163702 -0.00585069 -0.0489432 -0.00388188 0.00040133 -4.91507e-05 -0.0177019 0.00563892 -0.00847566 5.49513e-05 0.00710202
internal_weight=8650.9 380.41 68.1368 44.6927 312.273 12.0518 300.221 8270.49 7604.55 47.9613 665.945 58.4087 7556.59 607.537
internal_count=42988 3165 347 261 2818 792 2026 39823 37038 188 2785 232 36850 2553
is_linear=0
shrinkage=0.105172


Tree=19
num_leaves=13
num_cat=0
split_feature=21 22 26 20 18 24 7 12 18 31 12 7
split_gain=3.68346 3.79701 3.70469 2.0246 4.07275 3.44763 1.65754 2.44195 2.31556 0.904286 0.484053 1.00098
threshold=0.0047743742537251811 0.023778629238152351 0.24146217147660959 0.0076507057701147305 0.046936654814333297 12.500000000000002 0.31693226907580735 0.038114331147189727 0.073955302060295561 1.6800000000000017 0.04134254163628575 0.18819243064194743
decision_type=8 10 8 8 10 2 10 10 10 8 8 10
left_child=1 2 -1 4 5 -2 8 -8 -5 -4 11 -3
right_child=3 10 9 6 -6 -7 7 -9 -10 -11 -12 -13
leaf_value=-0.00017826227589323349 6.7139851210233664e-06 0.00020432101633341272 -0.00023937300909211194 -1.3365079886441981e-05 -0.00015321800555354438 -2.4654389259694198e-05 -0.00024199708093120697 0.00029178117755182428 -0.00028553898064611542 0.00026735458932372608 0.00046239250981947147 -0.00037948259093595013
leaf_weight=20.88736829906702 77.914440985303372 11.924054544419052 10.192517462186514 5179.4226568057202 18.372960119508207 5.7742205858230582 163.59871370531619 2977.4235485889949 132.39104919927195 12.062438305467369 32.351449342444539 8.5879347296431643
leaf_count=106 1258 110 85 28438 110 6 631 11158 754 76 142 114
internal_value=-4.74607e-05 -0.0205195 -0.0436354 0.000175327 -0.0145208 -0.00381529 0.000360556 0.00228076 -0.000763058 -0.0102438 -0.000378104 -0.0139946
internal_weight=8650.9 96.0058 43.1423 8554.9 102.062 83.6887 8452.84 3141.02 5311.81 22.255 52.8634 20.512
internal_count=42988 633 267 42355 1374 1264 40981 11789 29192 161 366 224
is_linear=0
shrinkage=0.105172


Tree=20
num_leaves=12
num_cat=0
split_feature=21 18 7 33 21 30 28 9 15 28 35
split_gain=3.0108 3.63917 1.90737 3.6921 2.06264 1.66179 2.13441 1.42272 1.06229 1.55794 0.0524189
threshold=0.0047743742537251811 0.027305230081466129 0.15864489109503471 -0.040228513219415389 0.077975328368978039 19.235000000000003 -0.057900000000000028 0.4256937494393469 1.4252952679040536 0.0076000000000000243 4.652196835664002
decision_type=8 10 8 8 10 10 10 10 10 8 2
left_child=1 8 3 -2 -5 7 -7 -4 10 -10 -1
right_child=2 -3 5 4 -6 6 -8 -9 9 -11 -12
leaf_value=0.00023923642464774333 -6.8713170949429082e-05 -5.1849025771651222e-05 5.4257755870084615e-05 -8.595937960280738e-05 -0.00029309739840646762 -0.00027786230569703168 -4.7917059198518079e-06 0.0010470802194651062 -0.0002141977177097463 -9.7678277762933377e-05 -0.00024494609660457147
leaf_weight=24.628522228449583 8.8929568361490947 21.023428454063833 4748.8094167951494 418.95412166742608 17.017009951174259 420.21432828903198 2302.9033664278686 638.10639002313837 15.376270114444194 24.423192927613854 10.55434895865619
leaf_count=144 100 115 25228 3784 50 1900 8896 2397 100 162 112
internal_value=-0.00014523 -0.0186508 5.54499e-05 -0.00663967 -0.00509945 0.000430634 -0.00167579 0.00150719 -0.00678879 -0.0188969 0.00514792
internal_weight=8650.9 96.0058 8554.9 444.864 435.971 8110.03 2723.12 5386.92 74.9823 39.7995 35.1829
internal_count=42988 633 42355 3934 3834 38421 10796 27625 518 262 256
is_linear=0
shrinkage=0.105172


Tree=21
num_leaves=13
num_cat=0
split_feature=21 26 25 35 19 15 33 30 31 5 21 33
split_gain=2.28807 4.02837 2.13566 1.61534 1.55024 1.55092 1.41744 1.39496 0.743729 0.870484 0.48955 0.480242
threshold=0.0047743742537251811 0.24459373285284222 0.20274353646117513 5.6010850736889486 0.1043852664466669 1.3693856525220915 0.050810765343194404 19.235000000000003 1.1250000000000011 0.060677936462757452 0.043314120304502469 -0.078348829386957738
decision_type=8 8 10 2 8 10 10 10 8 10 8 8
left_child=1 2 -1 4 7 -6 11 -2 9 -3 -8 -5
right_child=3 8 -4 6 5 -7 10 -9 -10 -11 -12 -13
leaf_value=-0.00013698655006119369 3.0147708027513316e-07 -0.00032799368853616369 -3.8923610546179315e-05 -0.00020211753338705195 -0.00022904148847337707 0.00060117690894720052 -0.00017013362294577433 -0.00013723677585443804 0.00021407549809789709 -0.00021918467355031121 0.00052278966446153642 0.00044732568895157108
leaf_weight=16.232324476353828 4274.1318704104051 10.068040966056289 13.241157277487217 40.923400991596282 397.58277480304241 878.62682185973972 223.67485728207976 2100.3645932632498 40.179478783160448 16.28476118016988 83.238494472578168 556.35477690724656
leaf_count=86 22721 83 78 334 2753 3940 1356 8974 234 152 484 1793
internal_value=-8.37819e-05 -0.016218 -0.0485176 9.02358e-05 -0.000399072 0.00293331 0.00429958 -0.00107621 -0.00086895 -0.0153467 -0.00133672 0.00730111
internal_weight=8650.9 96.0058 29.4735 8554.9 7650.71 1276.21 904.192 6374.5 66.5323 26.3528 306.913 597.278
internal_count=42988 633 164 42355 38388 6693 3967 31695 469 235 1840 2127
is_linear=0
shrinkage=0.105172


Tree=22
num_leaves=12
num_cat=0
split_feature=11 9 18 11 34 21 19 28 28 18 12
split_gain=2.60849 2.38493 1.91615 1.70215 4.12012 1.66869 1.40646 1.48297 0.733248 1.50721 0.982191
threshold=0.10718866985322065 0.21911386666986812 -0.058943437451912599 0.73025860336643567 0.032787478526565723 0.0047743742537251811 0.088564634953957166 -0.088450000000000001 -0.067850000000000008 -0.074442035950100946 0.037749018204128092
decision_type=8 8 8 10 10 10 10 8 10 10 10
left_child=1 6 8 5 -5 -4 7 -1 9 -2 -10
right_child=2 -3 3 4 -6 -7 -8 -9 10 -11 -12
leaf_value=-4.7053043349266341e-05 -0.0008231599910267231 -0.00045994241549141126 -0.00012426858386070479 -6.5131152090897734e-05 -0.00051534512194497924 2.6977019164215237e-07 -0.00013000002058920893 4.1389037427719662e-05 -0.00056477860476717746 0.0010365325431265383 0.00074173528951971656
leaf_weight=8.2816580594517273 27.414871826767921 6.922822809778153 133.7825345643796 208.7857286054641 59.101430732756853 7513.8511079880409 4.6268456615507594 40.31890955241397 42.532487742602825 34.066614799201488 571.2183403307572
leaf_count=46 140 36 3323 1092 174 34480 108 792 398 108 2291
internal_value=-0.000187858 -0.0219815 -2.74463e-05 -0.000493565 -0.00873657 -0.000196359 -0.0128633 -0.00602672 0.0053418 -0.0050335 0.00648525
internal_weight=8650.9 60.1502 8590.75 7915.52 267.887 7647.63 53.2274 48.6006 675.232 61.4815 613.751
internal_count=42988 982 42006 39069 1266 37803 946 838 2937 248 2689
is_linear=0
shrinkage=0.105172


Tree=23
num_leaves=15
num_cat=0
split_feature=18 11 12 5 11 30 21 9 31 12 31 5 9 30
split_gain=1.71092 1.65823 2.67042 3.82138 1.65183 6.51906 1.52637 0.903125 0.817889 2.22986 0.967265 0.931136 0.835624 0.302512
threshold=-0.058943437451912599 0.73025860336643567 0.17396403553691578 0.092719287798808281 0.13469225423332373 21.740000000000006 0.0047743742537251811 0.42912813656848997 6.9850000000000003 0.069637947746235926 1.0000000180025095e-35 inf 0.2488621957794134 24.630000000000006
decision_type=8 10 10 10 8 10 10 10 8 10 10 8 10 10
left_child=8 4 3 -3 5 -2 -6 -4 10 -10 12 -12 -1 -11
right_child=1 2 7 -5 6 -7 -8 -9 9 13 11 -13 -14 -15
leaf_value=-0.00054363539251984811 -7.6978955618585572e-05 -0.00046114534538431792 -0.00045015802223180384 -0.0001726319449501571 -0.00011119903261834509 -0.00043163810363530187 3.1480151053891289e-06 0.00035250207056424871 -0.00050537981960143514 0.00015341258975633311 0.0010160405763028062 -0.00073658676914593532 0.0002700035073693785 -7.0543703066788102e-05
leaf_weight=12.368398480117319 173.36932121124119 26.727127706632018 21.466326758265495 70.235350284725428 130.18738871300593 21.704194188117981 7382.52297452325 149.45835458859801 20.753341901116073 50.736232402734458 448.5494771245867 17.128894843161106 94.151072257198393 31.544897690415382
leaf_count=62 2054 92 112 182 3055 66 33610 880 144 172 1662 126 603 168
internal_value=-0.000158879 -0.000596346 -0.00873657 -0.0226791 -0.000305031 -0.00985688 -4.83652e-05 -0.000442188 0.00491357 -0.00330981 0.00650532 0.00860144 -0.00206522 0.00379483
internal_weight=8650.9 7975.67 267.887 96.9625 7707.78 195.074 7512.71 170.925 675.232 103.034 572.198 465.678 106.519 82.2811
internal_count=42988 40051 1266 274 38785 2120 36665 992 2937 484 2453 1788 665 340
is_linear=0
shrinkage=0.105172


Tree=24
num_leaves=16
num_cat=0
split_feature=5 22 12 9 27 5 32 9 34 24 12 33 12 18 34
split_gain=1.45385 2.10425 2.06331 4.36085 2.0617 1.80416 2.83932 5.77436 2.53802 1.56993 2.36324 1.41019 1.61784 1.45686 1.25505
threshold=0.14479424804487498 0.051275407550358164 0.03680602223140813 0.43707020579317302 1.0000727519643033 0.11901020736234895 0.81332453825857531 0.21610191678687637 -0.046483691780359764 11.500000000000002 0.13023044431663153 0.088461903506990028 0.044141072900079813 -0.041588961594536338 -0.019551435450780027
decision_type=10 10 8 10 10 10 8 8 8 2 10 8 10 8 8
left_child=5 11 3 -3 -4 9 8 -8 -7 14 -11 12 -2 -13 -1
right_child=1 2 4 -5 -6 6 7 -9 -10 10 -12 13 -14 -15 -16
leaf_value=6.1643041638739188e-05 8.6969300889404321e-05 -2.8298961529315359e-05 0.00050957133100388208 -0.00020057630096870579 -0.0010687178010575886 -0.00033983196279261719 -0.00074890992917212224 -0.0004015177762465126 2.3028360477067345e-05 0.00010482924022137828 -0.00040281409059649502 -0.00072646625021535966 -8.827478951531451e-05 -0.00024308389245061507 -0.00014017652219984665
leaf_weight=894.10635819518939 630.13064460176975 515.58357733814046 2145.9131725025363 17.114919930696487 37.784504055976868 114.40530576696619 18.633942966349423 222.12740329746157 504.89148501306772 1158.9197604563087 73.481611490249634 27.875800848938525 572.1602638065815 329.11796375759877 1388.6566386453342
leaf_count=8724 3227 3411 9003 72 118 1166 120 922 1633 1630 104 222 2443 3235 6958
internal_value=-0.000112143 0.00125909 0.00303542 -0.00275956 0.00447812 -0.00146662 -0.00578918 -0.0155143 -0.00190293 -0.000390797 0.00261155 -0.00179488 -1.82116e-05 -0.00759841 -0.00203944
internal_weight=8650.9 4275.68 2716.4 532.698 2183.7 4375.22 860.058 240.761 619.297 3515.16 1232.4 1559.28 1202.29 356.994 2282.76
internal_count=42988 21731 12604 3483 9121 21257 3841 1042 2799 17416 1734 9127 5670 3457 15682
is_linear=0
shrinkage=0.105172


Tree=25
num_leaves=12
num_cat=0
split_feature=15 1 16 26 21 12 10 11 30 34 8
split_gain=1.27072 2.10401 1.24847 2.73783 2.14077 1.81626 4.58143 1.88071 1.07422 0.529472 0.0836626
threshold=0.57317392301363268 0.067245689655172428 1.1898775327250293 0.47483084954458188 0.021796761827079281 0.038114331147189727 0.49426619883650508 0.13469225423332373 15.785000000000002 0.017490235865534113 0.58185360410447384
decision_type=8 2 10 10 10 10 10 10 10 10 10
left_child=1 -1 5 4 -4 6 -2 -7 -5 10 -3
right_child=2 9 3 8 -6 7 -8 -9 -10 -11 -12
leaf_value=-0.00020806846828363699 -3.3262033906254338e-05 -0.00020111364412884431 -1.5063412109349282e-05 -0.00056675219807991056 -0.00039651913804544055 -0.0004144985062536646 -0.00088182213011779283 0.00016837701198490159 0.0001100051978297847 -0.00048251350388308376 0.00075822946116867684
leaf_weight=15.388560750056056 2599.2897565010935 26.198984953109175 252.61105740303174 28.648090848233551 360.17044175881892 21.266041948460042 22.644642368890345 4578.714360398706 709.74509522644803 11.570775255560873 24.655545260757208
leaf_count=66 16568 180 2408 376 1124 90 81 18887 2968 70 170
internal_value=0.000113893 -0.0132353 0.000242707 -0.0026806 -0.0078937 0.000798444 -0.00139633 0.00206318 0.00156099 -0.00349207 0
internal_weight=8650.9 77.8139 8573.09 1351.17 612.781 7221.91 2621.93 4599.98 738.393 62.4253 50.8545
internal_count=42988 486 42502 6876 3532 35626 16649 18977 3344 420 350
is_linear=0
shrinkage=0.105172


Tree=26
num_leaves=15
num_cat=0
split_feature=5 28 1 5 35 28 21 33 17 24 5 5 9 33
split_gain=1.66255 2.23054 2.10684 1.99209 2.66137 3.32059 2.9293 1.68914 1.54821 1.59994 1.25838 1.21978 1.29247 0.371178
threshold=0.14479424804487498 -0.0061500000000000435 0.042921747967479683 0.11901020736234895 5.2669040928474251 0.0059499999999999839 0.011805792692055337 0.023196518141403336 0.39082259274721048 11.500000000000002 0.18338020710794248 0.16209348975786142 0.15021502729221162 0.089298607225126295
decision_type=10 8 2 10 2 8 8 10 8 2 10 10 8 10
left_child=3 2 7 8 5 -5 -6 -2 -1 -10 -4 13 -13 -3
right_child=1 11 10 4 6 -7 -8 -9 9 -11 -12 12 -14 -15
leaf_value=-0.00025706778792229521 6.1036797303009384e-05 0.00087150129792860865 0.00026847200236868794 -0.00016784058653974152 -2.4857060930215398e-05 -0.00039725612572554377 0.00037978973580420593 -0.00042620543842945315 -6.6090390905670232e-05 7.6095645599060305e-05 -0.00010823255168079244 -0.00025402149169248311 0.00015579037381739051 -0.00064656425543019823
leaf_weight=29.211532816290855 17.323728707619011 350.23304297216237 423.88486915337853 331.51634301780723 21.878614808432758 268.62017067801207 238.04300853959285 33.637987363152206 2277.4665635258425 1208.4862724449486 1027.2060028000269 44.381032243836671 2342.2631733741146 36.751010227948427
leaf_count=70 62 1375 1872 1554 92 1306 889 158 15644 1702 5158 506 12268 332
internal_value=-0.000219921 0.00124648 -0.00199233 -0.0016674 -0.00621087 -0.0100816 0.00248425 -0.0230419 -0.000537501 -0.00031644 -0.00120674 0.00302325 0.00209955 0.00855314
internal_weight=8650.9 4275.68 1502.05 4375.22 860.058 600.137 259.922 50.9617 3515.16 3485.95 1451.09 2773.63 2386.64 386.984
internal_count=42988 21731 7250 21257 3841 2860 981 220 17416 17346 7030 14481 12774 1707
is_linear=0
shrinkage=0.105172


Tree=27
num_leaves=16
num_cat=0
split_feature=5 28 5 16 28 35 5 28 21 28 10 9 35 30 12
split_gain=1.52126 1.83119 1.83087 2.66431 6.57991 2.60028 1.60283 1.69841 1.50128 1.47387 1.00971 0.8208 1.2483 0.772857 0.7658
threshold=0.14479424804487498 0.023149999999999993 0.11901020736234895 1.0746790018170806 0.049399999999999979 6.6844138782161853 0.16412506424580767 0.022150000000000006 0.015555337948495519 -0.00079999999999995342 0.11044159086234939 0.15021502729221162 4.3898087731929758 15.775 0.027781358420335748
decision_type=10 10 10 8 10 2 10 10 8 8 8 8 2 8 8
left_child=2 6 8 5 -5 -4 14 -8 10 -10 -1 12 -3 -13 -2
right_child=1 11 3 4 -6 -7 7 -9 9 -11 -12 13 -14 -15 -16
leaf_value=-0.00037890806665515726 -0.00026042212988538707 3.9828854781537427e-05 -1.2257847036003969e-05 -0.00026899340318391136 -0.0011474308855969441 -2.2242798970603299e-05 -2.927619614040421e-05 -0.00046327119215779528 6.8092529215339734e-05 -0.00010154304601729334 0.00010497731671686786 -0.00036794433529578369 -0.00032323344381387164 0.00069773292780271059 0.00094636988175419642
leaf_weight=18.911198610439897 52.362876737490296 7.3867959724739176 548.76332997530699 250.13559110136703 42.380417424254119 18.778798542916775 2645.1118428308982 33.756255130283535 1118.6069740478415 1740.4241868406534 637.22200928814709 140.34454781096429 6.0288057890720665 926.33792167343199 464.35180089762434
leaf_count=112 362 106 2509 1136 148 48 13538 200 5664 8770 2870 1294 100 4244 1887
internal_value=-0.000148744 0.00125392 -0.00153394 -0.00588909 -0.0140676 -0.00155936 0 -0.00104609 -0.000450133 -0.00150755 0.00406029 0.00499732 -0.0197139 0.00537065 0.00535046
internal_weight=8650.9 4275.68 4375.22 860.058 292.516 567.542 3195.58 2678.87 3515.16 2859.03 656.133 1080.1 13.4156 1066.68 516.715
internal_count=42988 21731 21257 3841 1284 2557 15987 13738 17416 14434 2982 5744 206 5538 2249
is_linear=0
shrinkage=0.105172


Tree=28
num_leaves=15
num_cat=0
split_feature=30 31 31 28 28 7 15 6 21 10 25 22 9 39
split_gain=1.31366 1.94602 1.76076 3.18399 4.42986 2.136 1.74815 1.67763 1.4897 1.23444 1.74887 1.16076 1.13851 0.97079
threshold=19.235000000000003 2.2649999999999992 4.7600000000000007 -0.067850000000000008 -0.074900000000000036 0.7218441771040347 1.3644245645998525 0.77810446888939999 0.092301867689014161 0.12649257669035516 0.45692643961229412 0.079172761405150713 0.32299031741112899 3.5000000000000004
decision_type=10 10 10 10 10 10 8 8 10 10 10 8 10 2
left_child=1 6 3 4 -2 -5 8 -4 -1 10 -3 -9 -8 -11
right_child=2 9 7 5 -6 -7 12 11 -10 13 -12 -13 -14 -15
leaf_value=-0.00012551210750325043 -0.00014156550243092395 -0.00033905762143849667 -0.00095553867200258056 -5.5898824571094848e-05 -0.00048206616823825266 -0.0010267535084958646 9.8287731006618928e-07 -1.060389104122638e-06 -0.00083225072471088731 0.00021999010803468494 9.0727837981444747e-05 0.0010644016362556469 0.00067270147277691695 -0.0010205397113162336
leaf_weight=1384.6533665773459 184.41662051714957 15.362107521854339 27.416401207447052 1419.0412583006546 28.130735201761127 22.529628191143274 2147.9945013578981 835.37197051756084 69.816222271881998 1417.9835491748527 28.474028263241053 317.15084570273757 690.96230787085369 61.599809996783733
leaf_count=7041 786 68 110 6524 86 44 14132 3310 400 5582 202 886 3439 378
internal_value=-7.09935e-05 0.000826033 -0.00193436 -0.00415653 -0.0162184 -0.00233245 -0.000306213 0.00112744 -0.00328259 0.00405816 -0.0129282 0.00179192 0.00119651 0.00460565
internal_weight=8650.9 5816.85 2834.06 1654.12 212.547 1441.57 4293.43 1179.94 1454.47 1523.42 43.8361 1152.52 2838.96 1479.58
internal_count=42988 31242 11746 7440 872 6568 25012 4306 7441 6230 270 4196 17571 5960
is_linear=0
shrinkage=0.105172


Tree=29
num_leaves=16
num_cat=0
split_feature=16 16 20 17 26 5 22 35 19 10 10 33 14 33 16
split_gain=1.33656 2.28797 1.9422 3.26465 1.73001 1.7205 3.28923 1.09165 1.25093 2.46007 1.63803 0.967585 0.668102 0.512777 0.408636
threshold=1.1898775327250293 1.2189097297497964 0.17611748579630679 0.74630141361660718 0.16230973069021501 0.16209348975786142 0.071589288916075799 5.6010850736889486 0.1043852664466669 0.80435993457550214 0.56831323704968839 0.030107710602059082 1.7950658024873436 0.03470875340152358 0.79339693481673434
decision_type=10 10 10 10 10 8 10 2 10 10 8 10 10 10 8
left_child=7 5 4 -4 -3 12 -7 8 9 -1 -10 14 -2 -13 -9
right_child=1 2 3 -5 -6 6 -8 11 10 -11 -12 13 -14 -15 -16
leaf_value=-1.1417976163226203e-05 5.308404641402026e-05 -0.00028212793825010095 -0.00091876798894088873 0.0077470154455349174 1.0734770814361137e-05 -0.00048754833174646578 0.00042510161192043419 -0.00012743762627645801 0.00048489889206959885 -0.00038520181441303078 -0.00050627505995443219 -1.2818187058540315e-05 -0.00021719995389630459 0.0001109841250104502 0.00031904912246682419
leaf_weight=5423.8851483040489 61.730459564365447 93.399215274024755 9.7257134802639502 9.3944598906673473 1073.9162532617338 69.126410292461514 32.168616549111903 34.028980404138565 881.50323863979429 34.450239285826683 182.60460925661027 29.312545195221901 20.783205354586244 352.41627914179116 342.45797877851874
leaf_count=27908 268 820 44 126 5248 306 130 152 3930 92 689 96 72 2108 999
internal_value=-0.000128577 -0.0031473 -0.00139553 -0.0345643 -0.000792806 -0.0140985 -0.0233407 0.00043094 0 -0.000651306 0.00329018 0.00420766 -0.00196199 0.000301869 0.00799799
internal_weight=8650.9 1370.24 1186.44 19.1202 1167.32 183.809 101.295 7280.66 6522.44 5458.34 1064.11 758.216 82.5137 381.729 376.487
internal_count=42988 7014 6238 170 6068 776 436 35974 32619 28000 4619 3355 340 2204 1151
is_linear=0
shrinkage=0.105172


Tree=30
num_leaves=12
num_cat=0
split_feature=26 26 21 20 26 31 27 5 24 5 21
split_gain=0.938695 1.39892 4.04736 1.39684 6.35158 1.34244 1.21821 0.882869 0.780737 0.31977 0.220261
threshold=0.84953702541453424 0.83239979847387824 0.095228299523754389 0.18542829322567181 0.76446938026354816 -2.5300000000000007 0.070136380554881875 0.25997976169764292 10.500000000000002 0.14779849401567116 0.011805792692055337
decision_type=10 10 8 8 10 8 10 8 2 8 8
left_child=1 3 9 6 -5 7 -1 -2 10 -3 -7
right_child=5 2 -4 4 -6 8 -8 -9 -10 -11 -12
leaf_value=0.00018872591024268927 -0.0011152430285581495 -0.00015907581381370838 -0.00094509850659415444 -0.00010695150020401348 -0.0011014974656578871 -0.00090249832320929511 -1.645756960950427e-05 -0.00039311543017681575 0.00074429454354176178 0.001487490688249061 0.00055806819718835212
leaf_weight=967.3664584280923 12.493338082917033 12.707024713978173 12.621459687128661 107.30726972990669 14.988386266864834 8.5583570636808854 7069.851561662741 18.384901855140928 239.88343304395676 27.146086161956188 159.59507597680204
leaf_count=5026 126 76 34 1739 46 104 32881 90 370 200 2296
internal_value=-6.39098e-05 -0.000324431 -0.0174264 -0.000206316 -0.0113549 0.00466457 -2.85622e-05 -0.015845 0.0063778 0 0.000479055
internal_weight=8650.9 8211.99 52.4746 8159.51 122.296 438.915 8037.22 30.8782 408.037 39.8531 168.153
internal_count=42988 40002 310 39692 1785 2986 37907 216 2770 276 2400
is_linear=0
shrinkage=0.105172


Tree=31
num_leaves=14
num_cat=0
split_feature=22 26 20 28 21 6 6 17 24 14 26 34 0
split_gain=1.23141 2.06215 1.77747 2.66507 1.74751 1.41115 1.6255 1.30956 1.04838 0.964467 0.774056 0.0873394 0.0518518
threshold=0.099950696301369768 0.15839123370189842 0.18542829322567181 0.0044000000000000436 0.077975328368978039 0.37008808292119011 0.23711324580749013 0.39082259274721048 11.500000000000002 1.1047741103032707 0.50928856818177282 -0.03437727838750592 0.50252500000000011
decision_type=8 8 10 10 8 8 10 8 2 10 8 8 2
left_child=5 4 9 -4 -2 6 12 -7 -9 -3 -8 -6 -1
right_child=1 2 3 -5 11 7 10 8 -10 -11 -12 -13 -14
leaf_value=-0.00028641004868436987 -0.00076790668166374103 -1.8977366163804926e-05 0.0014852880680718381 -0.0010467701656229726 -0.00046538607947806994 -0.00022838221718134638 -0.00031517621762860336 -4.6735462266341991e-05 2.1624053923154016e-05 0.00068626155509902997 -0.00085211122387066616 8.273509929675593e-05 0.00070533535091337374
leaf_weight=13.656257311813535 19.404249371960759 67.248325985390693 53.524950027000159 73.359738230705261 5.3741791443899274 34.747673726640642 16.621788943652064 4716.1166851590388 2531.5013698060066 1074.04943606304 15.967271782457827 14.425798559095712 14.90562856197357
leaf_count=88 104 1272 223 356 56 136 80 31945 3590 4570 114 382 72
internal_value=-2.69331e-05 0.00293897 0.00371679 -0.00789148 -0.0205186 -0.000563626 -0.0164771 -0.000420912 -0.000314141 0.00506376 -0.0325081 0 0
internal_weight=8650.9 1307.39 1268.18 126.885 39.2042 7343.52 61.1509 7282.37 7247.62 1141.3 32.5891 19.8 28.5619
internal_count=42988 6963 6421 579 542 36025 354 35671 35535 5842 194 438 160
is_linear=0
shrinkage=0.105172


end of trees

feature_importances:
hist_move_std_4q=24
iv_crush_pct=22
drift_5d=22
parkinson_rv_10d=21
iv_rank=21
iv_mom_week=19
hist_move_avg_8q=18
tlt_spy_ratio_30d=17
vol_of_vol_20d=13
volume_ratio_20d=12
vix_current=12
vix_change_30d=12
parkinson_rv_60d=11
hist_move_avg_4q=11
hist_move_med_8q=11
log_spot=11
hist_event_count=10
spy_drift_60d=10
cc_rv_10d=9
rv_term_ratio=9
cc_rv_20d=8
iv_cc_rv_ratio_20d=8
hist_move_med_4q=8
parkinson_rv_20d=7
hv_rank=7
hist_straddle_accuracy=5
iv_rv_ratio_60d=4
atm_iv=3
event_vol_fraction=3
earnings_dow=3
straddle_pct=2
vix_pct_252d=1

parameters:
[boosting: gbdt]
[objective: quantile]
[metric: quantile]
[tree_learner: serial]
[device_type: cpu]
[data_sample_strategy: bagging]
[data: ]
[valid: ]
[num_iterations: 1500]
[learning_rate: 0.105172]
[num_leaves: 31]
[num_threads: 8]
[seed: 42]
[deterministic: 0]
[force_col_wise: 0]
[force_row_wise: 0]
[histogram_pool_size: -1]
[max_depth: 4]
[min_data_in_leaf: 75]
[min_sum_hessian_in_leaf: 0.001]
[bagging_fraction: 0.880172]
[pos_bagging_fraction: 1]
[neg_bagging_fraction: 1]
[bagging_freq: 0]
[bagging_seed: 400]
[bagging_by_query: 0]
[feature_fraction: 0.750692]
[feature_fraction_bynode: 1]
[feature_fraction_seed: 30056]
[extra_trees: 0]
[extra_seed: 12879]
[early_stopping_round: 0]
[early_stopping_min_delta: 0]
[first_metric_only: 0]
[max_delta_step: 0]
[lambda_l1: 0.600869]
[lambda_l2: 0.181866]
[linear_lambda: 0]
[min_gain_to_split: 0]
[drop_rate: 0.1]
[max_drop: 50]
[skip_drop: 0.5]
[xgboost_dart_mode: 0]
[uniform_drop: 0]
[drop_seed: 17869]
[top_rate: 0.2]
[other_rate: 0.1]
[min_data_per_group: 100]
[max_cat_threshold: 32]
[cat_l2: 10]
[cat_smooth: 10]
[max_cat_to_onehot: 4]
[top_k: 20]
[monotone_constraints: ]
[monotone_constraints_method: basic]
[monotone_penalty: 0]
[feature_contri: ]
[forcedsplits_filename: ]
[refit_decay_rate: 0.9]
[cegb_tradeoff: 1]
[cegb_penalty_split: 0]
[cegb_penalty_feature_lazy: ]
[cegb_penalty_feature_coupled: ]
[path_smooth: 0]
[interaction_constraints: ]
[verbosity: -1]
[saved_feature_importance_type: 0]
[use_quantized_grad: 0]
[num_grad_quant_bins: 4]
[quant_train_renew_leaf: 0]
[stochastic_rounding: 1]
[linear_tree: 0]
[max_bin: 255]
[max_bin_by_feature: ]
[min_data_in_bin: 3]
[bin_construct_sample_cnt: 200000]
[data_random_seed: 175]
[is_enable_sparse: 1]
[enable_bundle: 1]
[use_missing: 1]
[zero_as_missing: 0]
[feature_pre_filter: 1]
[pre_partition: 0]
[two_round: 0]
[header: 0]
[label_column: ]
[weight_column: ]
[group_column: ]
[ignore_column: ]
[categorical_feature: ]
[forcedbins_filename: ]
[precise_float_parser: 0]
[parser_config_file: ]
[objective_seed: 16083]
[num_class: 1]
[is_unbalance: 0]
[scale_pos_weight: 1]
[sigmoid: 1]
[boost_from_average: 1]
[reg_sqrt: 0]
[alpha: 0.1]
[fair_c: 1]
[poisson_max_delta_step: 0.7]
[tweedie_variance_power: 1.5]
[lambdarank_truncation_level: 30]
[lambdarank_norm: 1]
[label_gain: ]
[lambdarank_position_bias_regularization: 0]
[eval_at: ]
[multi_error_top_k: 1]
[auc_mu_weights: ]
[num_machines: 1]
[local_listen_port: 12400]
[time_out: 120]
[machine_list_filename: ]
[machines: ]
[gpu_platform_id: -1]
[gpu_device_id: -1]
[gpu_use_dp: 0]
[num_gpu: 1]

end of parameters

pandas_categorical:[]
