tree
version=v4
num_class=1
num_tree_per_iteration=1
label_index=0
max_feature_idx=39
objective=regression
feature_names=atm_iv straddle_pct em_iv_pct dte event_move_implied iv_crush_pct event_vol_fraction parkinson_rv_10d parkinson_rv_20d parkinson_rv_60d cc_rv_10d cc_rv_20d vol_of_vol_20d iv_rv_ratio_20d iv_rv_ratio_60d iv_cc_rv_ratio_20d rv_term_ratio volume_ratio_20d drift_5d hist_move_avg_4q hist_move_med_4q hist_move_std_4q hist_move_avg_8q hist_move_med_8q hist_event_count hist_straddle_accuracy iv_rank hv_rank iv_mom_week iv_mom_month vix_current vix_change_30d vix_pct_252d spy_drift_60d tlt_spy_ratio_30d log_spot timing_bmo timing_amc earnings_month earnings_dow
feature_infos=[0.0562:9.827300000000001] [0.00083333333333333339:1.6799999999999997] [0.0091011673193795578:3.656330081739084] [1:60] [0:1.4691042020914447] [-3.8580100290314063:0.85581277028745872] [0.034672503568223635:67.109823252533587] [0.01134305909982487:2.8641721286455586] [0.013894109765131739:2.0282327051980693] [0.016989524212388089:1.5539472798357257] [0.0011017543739895795:11.594960128394431] [0.00077905798904997125:13.8827006001165] [0.0026076256319010121:1.389272370927521] [0.1662869210082179:148.89574118624122] [0.20733930042845336:55.329518350439479] [0.03322120193214638:574.09076896240128] [0.070747435815040532:2.4494897427831788] [0.25291709200552448:11.592494971460599] [-0.7543637095495408:0.30175159235668803] [0:0.60000000000000009] [0:0.60000000000000009] [6.3925998781312683e-05:0.74631856464742785] [0:0.60000000000000009] [0:0.60000000000000009] [0:19] [0.0014688435681595078:71.73913043478268] [0:1] [-4.8571428571426418:2.1056533827618167] [-0.92139999999999989:1.0115000000000001] [-1.9800000000000002:0.52549999999999997] [11.99:52.329999999999998] [-29.849999999999998:24.469999999999999] [0.0039577836411609502:1] [-0.15722837228372288:0.2501611343860779] [-0.19287700174254019:0.23027200357131283] [0.28517894223366247:8.6613853060707111] [0:1] [0:1] [1:12] [0:4]
tree_sizes=1877 1730 1840 1713 1871 1799 1858 1863 1856 1859 1841 1904 1879 1892 1754 1894 1865 1845 1893 1754 1894 1781

Tree=0
num_leaves=16
num_cat=0
split_feature=19 19 0 9 9 27 19 23 5 15 7 18 19 18 5
split_gain=3.66356 0.810454 0.6154 0.410426 0.319997 0.219028 0.171893 0.106956 0.0864231 0.0799565 0.0694 0.0565633 0.0307613 0.0306414 0.0183422
threshold=0.072704313776873072 0.039000373644854848 0.55412500000000009 0.3397064592019165 0.27819151808334258 0.60910693395434079 0.14236498212524437 0.031249233664506857 0.14705643237583474 1.3343217791021378 0.2280597894454641 0.064540422330704575 0.089427955278546467 -0.049846553990547042 0.070266922403383267
decision_type=10 8 2 8 10 10 10 10 10 10 10 10 10 8 10
left_child=1 7 9 8 14 -5 -6 13 -3 12 -11 -9 -2 -1 -4
right_child=2 3 4 5 6 -7 -8 11 -10 10 -12 -13 -14 -15 -16
leaf_value=0.066511974519552292 0.065688353561159304 0.064755311945064689 0.064726535395487714 0.069225007583461715 0.070509596151204806 0.065873988692480817 0.073333091122177216 0.064543084338075665 0.066173627360272422 0.066511974519552292 0.069063646909345508 0.067282832568337336 0.067426607213821599 0.063106906919627476 0.067141422332325632
leaf_weight=66.865717459470034 229.40197946317494 1131.5183263318613 50.173813429195434 607.86734674940817 1108.499466765672 293.25222430774011 440.75554487714544 853.29064305359498 1046.5544032049365 194.39493146259338 462.53824162716046 57.193778252229095 220.38486748188734 1781.474830490537 106.73723771655932
leaf_count=607 934 5689 269 3439 4244 1578 1633 3773 5588 1556 2110 298 1124 9573 573
internal_value=0.066512 0.0650097 0.0696299 0.0662058 0.0708958 0.0680645 0.0713544 0.0636977 0.0654077 0.0676207 0.0683604 0.0647847 0.066512 0.0631966 0.066512
internal_weight=8650.9 5838.02 2812.89 3079.19 1706.17 901.12 1549.26 2758.82 2178.07 1106.72 656.933 910.484 449.787 1848.34 156.911
internal_count=42988 30545 12443 16294 6719 5017 5877 14251 11277 5724 3666 4071 2058 10180 842
is_linear=0
shrinkage=1


Tree=1
num_leaves=15
num_cat=0
split_feature=22 2 22 26 9 26 20 9 33 30 19 7 20 19
split_gain=3.52666 0.711035 0.472984 0.284196 0.298085 0.175454 0.140013 0.114073 0.0828027 0.0486637 0.0447687 0.0224528 0.0178491 0.0114089
threshold=0.062873317164884465 0.16778592180043408 0.035389507613962576 0.43594980727333671 0.28444137254649854 0.19170254193387043 0.092739972954762398 0.32016541657157555 0.041280822126105739 18.610000000000003 0.063443257724385749 0.21979031821512132 0.050502699449826667 0.11048184829266693
decision_type=10 2 8 8 10 8 10 8 10 10 10 8 10 10
left_child=2 5 11 9 -5 13 -7 10 -9 -3 -4 -1 -13 -2
right_child=1 3 7 4 -6 6 -8 8 -10 -11 -12 12 -14 -15
leaf_value=-0.003509510679397961 -0.0037765568472832908 0.0025016041859315936 -0.001526299642432973 0 0.0053991183264626482 0.00058568590619879663 0.0028173141655932006 -0.00061769255488886346 0.0015254669750571987 0 -8.6099351051008253e-05 -0.0024499367989616622 0 0
leaf_weight=1080.6642757412046 77.899146787356585 310.90550756268203 1883.4544831207022 99.54967491934076 1179.1792460517026 1147.1428596661426 489.77108459314331 589.60446186736226 297.02506689354777 174.00620640534908 382.31121284142137 912.26734138093889 14.866729590110479 12.256055252160875
leaf_count=6266 422 1316 9867 472 4457 5427 2607 3649 1466 658 1512 4669 64 136
internal_value=0 0.00258142 -0.00174682 0.00407899 0.00492984 0.00101529 0.00129224 -0.000914188 2.91812e-05 0.001704 -0.0013112 -0.00302245 -0.00238601 -0.00330613
internal_weight=8650.9 3490.71 5160.19 1763.64 1278.73 1727.07 1636.91 3152.4 886.63 484.912 2265.77 2007.8 927.134 90.1552
internal_count=42988 15495 27493 6903 4929 8592 8034 16494 5115 1974 11379 10999 4733 558
is_linear=0
shrinkage=0.105172


Tree=2
num_leaves=16
num_cat=0
split_feature=20 9 0 23 23 33 9 11 16 9 12 1 23 18 38
split_gain=2.3139 0.863643 0.355124 0.317988 0.256955 0.206618 0.153245 0.125039 0.143301 0.0620912 0.0605957 0.0534414 0.0414449 0.0249321 0.0105232
threshold=0.078457738270416563 0.32299031741112899 0.55412500000000009 0.079478483658752722 0.03565118960095693 0.039729145399033612 0.3460893607897601 0.26796173096544545 1.3277633398352269 0.21035740305244691 0.095700188086576835 0.088410526315789495 0.02289107489520362 0.00072999637340620549 2.5000000000000004
decision_type=10 10 2 10 10 8 10 10 10 8 10 2 8 10 2
left_child=1 4 10 5 12 -3 -5 13 -9 -6 11 -2 -1 -4 -12
right_child=2 3 7 6 9 -7 -8 8 -10 -11 14 -13 -14 -15 -16
leaf_value=-0.0029950756201841027 0 -0.00039821551130027073 0.0020498552525761138 0 -0.0019542431447978513 0.0021123766304750142 0.0066123265314248624 0.0049151503067304579 0.00025168800666668074 -0.00053174715754128975 -0.0017345793848197141 0.0020834284238685197 -0.0018887900175127603 0 0
leaf_weight=1168.3784451838583 126.57662911619991 935.71444534696639 89.46103670168668 37.184100300073624 493.16594843566418 564.18731647077948 154.33421708643436 1050.746790301986 109.38171797525138 1903.3224891186692 57.970168638974428 486.91036724904552 1343.2299966076389 66.14357470581308 64.196109434124082
leaf_count=6581 1013 3870 480 112 3650 2948 478 4062 370 8427 118 2535 7620 304 420
internal_value=0 -0.000959984 0.00308397 0.0010667 -0.00167131 0.000504157 0.00513806 0.00413766 0.00453003 -0.000850972 0.00111298 0.00157547 -0.00242876 0.000804763 -0.00069188
internal_weight=8650.9 6599.52 2051.39 1691.42 4908.1 1499.9 191.518 1315.73 1160.13 2396.49 735.653 613.487 2511.61 155.605 122.166
internal_count=42988 33686 9302 7408 26278 6818 590 5216 4432 12077 4086 3548 14201 784 538
is_linear=0
shrinkage=0.105172


Tree=3
num_leaves=15
num_cat=0
split_feature=22 0 22 26 9 26 31 21 9 34 30 17 28 19
split_gain=2.35158 0.493387 0.309674 0.298532 0.22765 0.113649 0.0852483 0.0753872 0.0616466 0.0353312 0.0244187 0.0233768 0.0117553 0.00893355
threshold=0.062873317164884465 0.56037500000000018 0.035389507613962576 0.37016604212430548 0.28444137254649854 0.19170254193387043 3.4850000000000008 0.067311014837977037 0.32016541657157555 0.024617190183735319 16.000000000000004 1.823666909441843 -0.11764999999999999 0.11048184829266693
decision_type=10 2 8 8 10 8 10 10 8 8 10 10 8 10
left_child=2 5 11 9 -5 13 -7 8 -4 -3 -9 12 -1 -2
right_child=1 3 7 4 -6 6 -8 10 -10 -11 -12 -13 -14 -15
leaf_value=0 -0.0032735970091509964 0.00092990018616800896 -0.0011583107628336882 0 0.0042345443362386522 0.0013424976767010802 -0.00048652595408261101 0 -1.9636117140130705e-05 -0.0015104423640705073 0.0026867705517459738 0 -0.0025492006811580997 0
leaf_weight=25.073166942689568 76.528477030340582 276.6510264002718 2194.999189844355 165.37363151973113 1457.7542173182592 1107.8304160372354 318.43795376457274 30.208427034318447 842.89699045289308 74.471243763808161 84.290617391467094 47.697916605975479 1935.0272631635889 13.662815403658895
leaf_count=262 414 1288 11005 872 5423 5722 1430 214 4873 194 402 260 10477 152
internal_value=0 0.00210578 -0.00142857 0.00320975 0.0038149 0.000626673 0.000889826 -0.000749192 -0.000863194 0.000231917 0.00172105 -0.00246361 -0.00251972 -0.00282894
internal_weight=8650.9 3490.71 5160.19 1974.25 1623.13 1516.46 1426.27 3152.4 3037.9 351.122 114.499 2007.8 1960.1 90.1913
internal_count=42988 15495 27493 7777 6295 7718 7152 16494 15878 1482 616 10999 10739 566
is_linear=0
shrinkage=0.105172


Tree=4
num_leaves=16
num_cat=0
split_feature=19 1 9 26 27 33 26 26 8 34 9 18 26 15 19
split_gain=1.60148 0.538994 0.210828 0.168957 0.19634 0.112247 0.172067 0.0942696 0.113184 0.0800374 0.0742141 0.0510897 0.0444262 0.0392433 0.0314947
threshold=0.059958920461235958 0.11573385518590999 0.29080452980245108 0.43594980727333671 0.83654724526328994 0.040069836742640204 0.49229490336320164 0.63300954627421457 0.23339617734703594 -0.018181590198530048 0.18775433366610481 0.084493416153346171 0.32290681088365164 1.582486166936949 0.054814984011295829
decision_type=10 2 10 8 10 8 8 8 10 10 8 10 10 8 8
left_child=2 7 10 9 -5 11 -7 13 -9 -3 14 -4 -12 -2 -1
right_child=1 3 5 4 -6 6 -8 8 -10 -11 12 -13 -14 -15 -16
leaf_value=-0.0028500461743944929 -0.00095355016547897552 0.0024930797161107762 -0.0011569227620237398 0.0036505540310210641 0 -0.00026403734102457973 0.0036971628610031064 -0.00079235141309284536 0.0026617244830196198 0 -0.001870318896874578 0.0011758069034632699 -0.00086872628198678755 0.00018546841837112303 0
leaf_weight=757.92208550171927 582.42099367920309 243.27033972553909 813.9972195122391 1440.5114143867977 145.01604800065979 287.32759093493223 182.20401395577937 125.13398437062278 299.35781574016437 355.76561917737126 1338.5976249426603 92.684768155217171 1319.8883161745034 625.61014750553295 41.195370910223573
leaf_count=5467 2389 1508 3370 5701 636 1600 1082 1260 1558 868 5976 282 7809 3072 410
internal_value=0 0.00160621 -0.00127562 0.0026881 0.00327693 -0.000124352 0.00113942 0.000119634 0.0014948 0.00102362 -0.00171555 -0.000848589 -0.00139691 -0.000311437 -0.00269598
internal_weight=8650.9 3817.09 4833.82 2184.56 1585.53 1376.21 469.532 1632.52 424.492 599.036 3457.6 906.682 2658.49 1208.03 799.117
internal_count=42988 16992 25996 8713 6337 6334 2682 8279 2818 2376 19662 3652 13785 5461 5877
is_linear=0
shrinkage=0.105172


Tree=5
num_leaves=16
num_cat=0
split_feature=22 22 18 35 7 19 28 16 8 23 21 22 8 18 14
split_gain=1.60944 0.374731 0.259928 0.193177 0.174919 0.13887 0.157446 0.115566 0.0936848 0.0692614 0.0557397 0.0517963 0.0298774 0.0269036 0.0158176
threshold=0.076802959547222827 0.046484020374226852 -0.064588157435815516 2.617030202884314 0.2280597894454641 0.11379981895743052 0.10720000000000006 1.1196478804983998 0.31236618249203324 0.030661291213544443 0.050958282496531802 0.03072060875318821 0.17074286474158548 -0.05212094128162003 0.99832908446786284
decision_type=10 8 8 2 8 10 10 10 8 8 10 10 10 8 8
left_child=1 11 5 8 12 10 -7 -6 -3 -5 -2 13 -4 -1 -13
right_child=2 3 4 9 7 6 -8 -9 -10 -11 -12 14 -14 -15 -16
leaf_value=0 0 0 -0.003154855057393519 0.0024768274199854887 0.002681683260331275 0.0099105633480845463 0 0.00056813718738263396 0.0055496349865840839 -0.00034169544860979307 0.0040357542692324331 0 0 -0.0022544201881516614 -0.0012553321110784343
leaf_weight=50.830845923628658 48.897296377457678 43.352271327748895 42.658349752891809 95.883336168713868 1458.5221931156702 108.61058908328414 26.729240043088794 457.56695462204516 98.438260097755119 2676.7489215794485 81.854159628041089 51.402131518349051 191.80105042178184 1467.9858592939563 1749.6218937193044
leaf_count=473 180 376 480 540 6311 426 92 1634 540 13146 316 302 1218 8070 8884
internal_value=0 -0.000898133 0.00229894 -5.95598e-06 0.00186998 0.00552479 0.00812384 0.00221004 0.00375432 -0.000221278 0.00234434 -0.00166228 -0.000639356 -0.00217173 -0.00119739
internal_weight=8650.9 6234.26 2416.64 2914.42 2150.55 266.091 135.34 1916.09 141.791 2772.63 130.751 3319.84 234.459 1518.82 1801.02
internal_count=42988 32331 10657 14602 9643 1014 518 7945 916 13686 496 17729 1698 8543 9186
is_linear=0
shrinkage=0.105172


Tree=6
num_leaves=16
num_cat=0
split_feature=22 22 9 35 13 9 12 9 18 16 10 10 30 20 23
split_gain=1.29643 0.278865 0.256316 0.148379 0.144996 0.145951 0.120276 0.0860357 0.0787235 0.0676024 0.0501827 0.0361335 0.0326071 0.0270536 0.00442371
threshold=0.074391972651631152 0.044826901004016338 0.3460893607897601 2.617030202884314 1.6037480252188165 0.58195772031654769 0.085821765794295471 0.31624999448947644 -0.057622870833832211 1.2136789631752369 0.18375920974931498 0.22329821076283021 19.095000000000002 0.12514401125471553 0.0077186624606392371
decision_type=10 8 10 2 10 10 10 8 8 10 8 10 10 10 10
left_child=1 11 8 7 6 -6 -4 -3 13 -5 -10 14 -13 -2 -1
right_child=2 3 4 9 5 -7 -8 -9 10 -11 -12 12 -14 -15 -16
leaf_value=0 0.0010355683864482603 0 0 -3.2459087113030286e-05 0.0035413674721052257 0.010495735496719096 0.0026887516005185325 0.0049104329083735302 -0.0013371705425413202 -0.0015369267244087579 0.00072277376599638656 -0.00063825459720926923 -0.0017530142441339179 0.0081374934319767001 -0.0020196881482707355
leaf_weight=42.60017707478255 48.237952712923288 42.838246094994247 257.15694635780528 2395.757316330215 612.66407615505159 47.37630707025528 549.62297730520368 99.610515856882557 135.91520758485422 402.72716805385426 901.24175106128678 1031.7586813713424 656.54672034736723 22.292203268036246 1404.557106028311
leaf_count=742 322 330 874 12265 2615 226 1980 596 932 1744 4256 5376 3156 96 7478
internal_value=0 -0.000840689 0.00197523 -8.21204e-05 0.0029016 0.00413901 0.00181023 0.00319347 0.0006912 -0.000271632 0.00039172 -0.001532 -0.00110933 0.00418909 -0.00198123
internal_weight=8650.9 6076.4 2574.51 2940.93 1466.82 660.04 806.78 142.449 1107.69 2798.48 1037.16 3135.46 1688.31 70.5302 1447.16
internal_count=42988 31687 11301 14935 5695 2841 2854 926 5606 14009 5188 16752 8532 418 8220
is_linear=0
shrinkage=0.105172


Tree=7
num_leaves=16
num_cat=0
split_feature=22 22 26 18 31 35 19 8 23 26 17 22 35 18 26
split_gain=1.05075 0.243253 0.204493 0.212364 0.129638 0.122673 0.108471 0.0659841 0.0552772 0.0502128 0.0404696 0.038156 0.0186633 0.0181195 0.0157891
threshold=0.076802959547222827 0.046484020374226852 0.42870222320947721 -0.064588157435815516 3.7500000000000013 2.617030202884314 0.11379981895743052 0.31236618249203324 0.030661291213544443 0.19736989511647099 0.94214937817845346 0.03169230814079 2.6504208388959185 -0.05212094128162003 0.42213328328660765
decision_type=10 8 8 8 8 2 10 8 8 10 10 10 2 8 10
left_child=1 11 9 6 -5 7 -4 -3 -7 12 -11 13 -2 -1 -13
right_child=2 5 3 4 -6 8 -8 -9 -10 10 -12 14 -14 -15 -16
leaf_value=0 0 0 0.0023425862781889647 0.0025538358487682258 0.00019697250938629084 0.0022300684844626197 0.0083651305494577555 0.004503039526329424 -0.0002871204549753434 0.0015349542764595714 -6.2957987012738427e-05 -0.0011754338516557197 -0.0026677252722608373 -0.0018181154630201137 -0.00031524428605668236
leaf_weight=53.131351114716381 21.605919947382063 43.352271327748895 102.18961194343865 1132.3539578383788 412.59904403379187 95.883336168713868 108.60501049552113 98.438260097755119 2676.7489215794485 288.9565750611946 273.54042892716825 1101.2572225141339 76.789284797385335 1565.7246173457243 599.72753948066384
leaf_count=489 168 376 386 5080 1674 540 408 540 13146 1375 1104 4445 462 8548 4247
internal_value=0 -0.000724209 0.00185905 0.00245627 0.0019654 -1.1577e-06 0.00574957 0.00299077 -0.00017714 0.000176614 0.000645816 -0.00133989 -0.00186085 -0.00175308 -0.000909365
internal_weight=8650.9 6234.26 2416.64 1755.75 1544.95 2914.42 210.795 141.791 2772.63 660.892 562.497 3319.84 98.3952 1618.86 1700.98
internal_count=42988 32331 10657 7548 6754 14602 794 916 13686 3109 2479 17729 630 9037 8692
is_linear=0
shrinkage=0.105172


Tree=8
num_leaves=16
num_cat=0
split_feature=22 1 26 7 19 20 16 22 23 22 17 26 30 35 21
split_gain=0.860585 0.262846 0.16313 0.156495 0.113553 0.0861036 0.11049 0.0430194 0.0379634 0.0673395 0.0446286 0.0287594 0.032828 0.0140599 0.012083
threshold=0.062873317164884465 0.14577380952380956 0.38288942236601248 0.7218441771040347 0.04668626027105733 0.095862254283806639 0.80030271152417243 0.099154416073833337 0.029730688622119614 0.046205219398658223 1.540976937059978 0.38755604114541714 17.670000000000005 2.053482296789102 0.089469157704139629
decision_type=10 2 8 8 8 10 10 10 8 10 8 10 8 2 10
left_child=4 5 14 -4 11 7 -7 -2 9 -6 -10 13 -13 -1 -3
right_child=1 2 3 -5 8 6 -8 -9 10 -11 -12 12 -14 -15 -16
leaf_value=0 -0.00010379470405992293 0.00046838995836684714 0.0034687677187299122 -0.00021965671337466952 0 -0.00076766019106595308 0.0022773304273624559 0.0015984685251409013 -0.00054214336223711707 0.0046808493098243103 0.0012086700384484784 0 -0.001193293079447744 -0.0015098543198500667 -0.0011565221693794327
leaf_weight=22.450896092224866 1348.5102502722293 159.80725944507867 953.54037309763953 110.24368053907529 113.41011030599475 139.40061802323908 523.33649512473494 182.37166667543352 1423.8468913449906 46.897835350595415 163.69302049744874 541.29280048375949 677.58398036519065 2171.0180369950831 73.499438060447574
leaf_count=172 6422 644 3546 336 526 868 2590 839 6937 332 1864 3846 4689 9127 250
internal_value=0 0.001274 0.00247482 0.00302716 -0.000864091 0.000535006 0.00154148 5.78843e-05 -0.000133332 0.00133653 -0.000321695 -0.00121985 -0.00070272 -0.00147832 0
internal_weight=8650.9 3490.71 1297.09 1063.78 5160.19 2193.62 662.737 1530.88 1747.85 160.308 1587.54 3412.35 1218.88 2193.47 233.307
internal_count=42988 15495 4776 3882 27493 10719 3458 7261 9659 858 8801 17834 8535 9299 894
is_linear=0
shrinkage=0.105172


Tree=9
num_leaves=16
num_cat=0
split_feature=22 22 26 7 22 1 34 17 9 12 17 33 17 30 26
split_gain=0.688003 0.220374 0.176516 0.186702 0.0963098 0.08497 0.0791293 0.0620396 0.0401297 0.0302067 0.0268019 0.0232555 0.014344 0.0103583 0.00101535
threshold=0.062873317164884465 0.10774007435005535 0.40014747291877156 0.7218441771040347 0.035389507613962576 0.17100724637681164 0.0024080131867990633 0.77128143075865407 0.26829720002905511 0.10707206069699084 1.7367602618918057 0.053447873967158895 1.823666909441843 19.385000000000002 0.37595826971317947
decision_type=10 10 8 8 8 2 10 10 8 10 10 10 10 10 8
left_child=4 5 11 -4 12 6 -2 -7 10 -10 -6 -3 13 -1 -14
right_child=1 2 3 -5 8 7 -8 -9 9 -11 -12 -13 14 -15 -16
leaf_value=-0.0011169698940102612 0.00072902360939030002 -0.0012523705005442714 0.0037095045536278681 -0.00099000830404041731 -0.00087595510118430473 0 -0.0006345074107488326 0.0030553669487959761 0.00022774327737661802 -0.00087900795775529056 0.0009745004660054379 0.00090757360790140104 0 -0.001955710564379781 0.00060700982793371902
leaf_weight=1370.7299828128889 1465.2041153921746 116.08342455746606 734.21920273872092 83.770333497785032 1491.6799552841112 109.11103449575603 650.79697133414447 240.80166560178623 1252.7705708430149 348.13938095793128 59.805317637976259 90.723033620044589 17.39917013514787 589.37044729338959 30.298746470827609
leaf_count=8143 8019 588 3151 254 8088 421 1714 800 6278 1844 284 548 110 2596 150
internal_value=0 0.00113814 0.00245357 0.00315088 -0.00077358 0.000565703 0.000279775 0.00211322 -0.000382537 0 -0.000763793 0 -0.00135599 -0.00140156 0
internal_weight=8650.9 3490.71 1024.8 817.99 5160.19 2465.91 2116 349.913 3152.4 1600.91 1551.49 206.806 2007.8 1960.1 47.6979
internal_count=42988 15495 4541 3405 27493 10954 9733 1221 16494 8122 8372 1136 10999 10739 260
is_linear=0
shrinkage=0.105172


Tree=10
num_leaves=16
num_cat=0
split_feature=9 22 26 26 22 5 27 26 28 20 30 9 27 26 11
split_gain=0.556828 0.24787 0.182009 0.188728 0.122852 0.090169 0.089295 0.0952681 0.0499706 0.0369924 0.0306707 0.0277197 0.0249815 0.0227293 0.0137533
threshold=0.32016541657157555 0.10774007435005535 0.40014747291877156 0.55536264691235881 0.052491848615554379 0.094062794209325465 0.92235057869612846 0.48185238576224432 -0.023249999999999989 0.088845562284667459 19.385000000000002 0.21520314226226786 0.94158133612963724 0.55845733355718408 0.38635190078696258
decision_type=10 10 8 10 10 10 10 8 10 10 10 10 10 10 10
left_child=4 6 9 -4 10 13 7 -2 -7 -3 11 -1 -12 -6 -8
right_child=1 2 3 -5 5 8 14 -9 -10 -11 12 -13 -14 -15 -16
leaf_value=-0.0011614902401625635 0 0.0022645289280307751 0.0064555532377506483 0.0021362943399112762 -0.0016269602577437608 0.0015876901842856971 0 0.0014913356840657603 4.7842482969315799e-05 -0.0011498364205044685 -0.0018300519060271622 -0.00036435009856970279 0 0 -0.0013712102743374535
leaf_weight=1266.0707245878875 948.61548789404333 45.323556054383516 193.51471314299852 451.90253154467791 376.67968753073364 317.61828798009083 29.388975337147713 1043.6073554963805 1249.8613175754435 132.80196363665164 787.33219941426069 1279.6104987021536 104.5264037726447 156.25305849825963 267.79659150540829
leaf_count=9205 3622 168 711 1690 1984 1527 79 4577 6334 570 3136 6201 540 1054 1590
internal_value=0 0.00112279 0.00270665 0.00353067 -0.000635202 0 0.000525275 0.000797664 0.000400321 0 -0.00102239 -0.000785677 -0.00162693 -0.00118304 -0.00108757
internal_weight=8650.9 3112.95 823.543 645.417 5537.95 2100.41 2289.41 1992.22 1567.48 178.126 3437.54 2545.68 891.859 532.933 297.186
internal_count=42988 13007 3139 2401 29981 10899 9868 8199 7861 738 19082 15406 3676 3038 1669
is_linear=0
shrinkage=0.105172


Tree=11
num_leaves=16
num_cat=0
split_feature=21 9 13 9 19 5 23 27 10 31 28 31 26 27 35
split_gain=0.457862 0.222413 0.140892 0.141043 0.098602 0.0705328 0.0861718 0.0462383 0.0487123 0.0442631 0.0437165 0.0417414 0.0256411 0.040015 0.0127113
threshold=0.052233318431535801 0.31624999448947644 1.4356483009412149 0.58195772031654769 0.039000373644854848 0.14479424804487498 0.11871996571464589 0.15486582982855132 0.19833687624853424 3.7500000000000013 0.036250000000000011 1.1250000000000011 0.32290681088365164 0.28233419310877739 2.1955551267034625
decision_type=10 8 10 10 8 8 10 10 10 10 10 10 10 10 2
left_child=4 7 9 -4 12 6 -6 8 -2 -3 -7 -9 14 -14 -1
right_child=1 2 3 -5 5 10 -8 11 -10 -11 -12 -13 13 -15 -16
leaf_value=0 -0.00054864031500299133 0.001165649715141454 0.0022712127373220692 0.0078862544157158737 -0.00084958551178698273 2.7200998695158104e-05 0.0039602135807162396 0 0.001618937252164008 -0.00052802130311018522 0.001409121366132398 -0.0017639091474779844 5.3596542986754558e-05 -0.0010418678268425724 -0.0013549748928750091
leaf_weight=27.746882943902165 154.23899668175727 533.67897287104279 929.10205940855667 64.204324332997203 1365.4815039257519 1544.4308663262054 38.277431379538029 233.58600878715515 250.07789754867554 191.36874260380864 330.32634967844933 263.75630714837462 530.12169993948191 744.52407517842948 1449.9812339190394
leaf_count=192 776 1880 3876 274 6492 9018 278 1074 1279 696 1958 1166 3022 4866 6141
internal_value=0 0.00115909 0.00186363 0.00269914 -0.000506018 -9.47376e-05 -0.000672925 -0.000113643 0.000635945 0.000631465 0.000304509 -0.000850051 -0.000972921 -0.000536754 -0.00130627
internal_weight=8650.9 2620.01 1718.35 993.306 6030.89 3278.52 1403.76 901.659 404.317 725.048 1874.76 497.342 2752.37 1274.65 1477.73
internal_count=42988 11021 6726 4150 31967 17746 6770 4295 2055 2576 10976 2240 14221 7888 6333
is_linear=0
shrinkage=0.105172


Tree=12
num_leaves=16
num_cat=0
split_feature=22 0 34 34 10 30 1 1 9 19 22 10 9 30 25
split_gain=0.377471 0.137865 0.111599 0.0948427 0.0731809 0.0729942 0.0586631 0.0544278 0.0303478 0.0244602 0.0212648 0.0174193 0.0141072 0.0207508 0.00270165
threshold=0.059697228960437922 0.60852500000000009 0.013627942990790289 0.012179855991299894 0.69277592773273977 19.565000000000001 0.076324561403508781 0.1216139534883721 0.44808714462328147 0.047036268284519463 0.046484020374226852 0.26216020595417505 0.21520314226226786 19.085000000000004 3.2712494957112912
decision_type=10 2 8 10 10 10 2 2 10 10 8 10 10 10 8
left_child=6 5 3 -3 -4 7 12 -2 9 -8 -10 -7 14 -14 -1
right_child=1 2 4 -5 -6 11 8 -9 10 -11 -12 -13 13 -15 -16
leaf_value=-0.0013459515306444843 2.3592983005291363e-05 0.0018068748159330956 -0.00027923112760793497 0.007150732289921212 0.0026592489938702187 0 -0.00060081585042218578 0.0014438862450772074 0 8.173528471048282e-06 0.002243742361375371 -0.0011744103327893875 -5.901515627837051e-05 -0.0012214555165281648 0
leaf_weight=1175.8989333487116 926.8112990995869 1122.8131768004969 474.41612664749846 47.615017890930176 111.5300837950781 135.46884752484038 1700.1915878308937 520.27655332442373 71.446892633102834 932.85754902614281 82.137810509651899 411.59459647955373 557.87364454613999 368.02987277228385 11.941360443830488
leaf_count=6857 5299 5326 1114 162 228 676 9325 2453 424 4203 351 1532 2781 1569 688
internal_value=0 0.000795054 0.00147939 0.00207933 0.000172919 0.000160548 -0.000606794 0.000578018 -0.00025893 -0.000361074 0.00107959 -0.000828088 -0.00103544 -0.000589452 -0.00132975
internal_weight=8650.9 3750.53 1756.37 1170.43 585.946 1994.15 4900.38 1447.09 2786.63 2633.05 153.585 547.063 2113.74 925.904 1187.84
internal_count=42988 16790 6830 5488 1342 9960 26198 7752 14303 13528 775 2208 11895 4350 7545
is_linear=0
shrinkage=0.105172


Tree=13
num_leaves=16
num_cat=0
split_feature=20 14 1 26 35 9 35 23 5 9 30 38 35 20 35
split_gain=0.314842 0.15146 0.141242 0.111966 0.133092 0.0924097 0.0923292 0.0491676 0.0421863 0.0293344 0.0250548 0.0189243 0.0139698 0.00882402 0.00456909
threshold=0.095862254283806639 1.2701056518988285 0.094220647773279362 0.42870222320947721 3.8071067368008777 0.45308491973396015 2.7418072459717604 0.078918919472369023 0.3901742866559787 0.1918768362322498 19.385000000000002 4.5000000000000009 4.6672525671805927 0.11176002007032047 3.9998506990155263
decision_type=10 10 2 8 2 8 2 10 8 10 10 2 2 10 2
left_child=2 11 9 8 -5 7 -7 -4 -3 12 -11 13 -1 -2 -13
right_child=1 3 5 4 -6 6 -8 -9 -10 10 -12 14 -14 -15 -16
leaf_value=-0.0017311209951808675 0 -0.00059962735221018044 -0.00020568471450208901 0.0039426350557404191 0.0011145802054535428 0.0046472153235213596 0.00068096436086540271 0.0010626072384347794 0.00283926269185049 -0.00024835112286859551 -0.00098992298150506869 0.00077047992921634777 -0.0006093740330981968 -0.0024773938306914029 -0.00067061961571662028
leaf_weight=512.48132977308705 25.732475478202105 212.76142173446715 2512.0989642175846 420.69233591947705 475.74222378060222 91.017910883529112 460.82952723070048 387.85811631754041 48.204496970865875 1949.5543602099642 903.83913096506149 51.094630012754351 472.94240713072941 81.543684999458492 44.510337049141526
leaf_count=4089 122 952 11410 1783 2025 594 2242 1659 292 10059 3474 359 3386 221 321
internal_value=0 0.00147059 -0.000272228 0.00195468 0.00251278 0.000201782 0.00145092 -1.42094e-05 0 -0.000714901 -0.000505445 -0.000979096 -0.00125708 -0.00193894 0
internal_weight=8650.9 1360.28 7290.62 1157.4 896.435 3451.8 551.847 2899.96 260.966 3838.82 2853.39 202.881 985.424 107.276 95.605
internal_count=42988 6075 36913 5052 3808 15905 2836 13069 1244 21008 13533 1023 7475 343 680
is_linear=0
shrinkage=0.105172


Tree=14
num_leaves=15
num_cat=0
split_feature=21 9 15 9 21 21 7 30 20 31 5 19 18 30
split_gain=0.267933 0.149099 0.0980046 0.099304 0.0596113 0.0573613 0.0434465 0.0505392 0.0368142 0.043393 0.0201492 0.00987415 0.00877404 0.0081166
threshold=0.052233318431535801 0.31624999448947644 1.5099242534237782 0.58195772031654769 0.015555337948495519 0.062474138221951345 0.20286762586409679 17.290000000000003 0.095862254283806639 1.9850000000000014 0.12534931509781619 0.052513463969700309 -0.068928913575011283 15.045000000000002
decision_type=10 8 10 10 10 10 8 8 10 10 10 10 8 8
left_child=4 8 5 -4 12 -3 11 -8 10 -10 -2 -6 -1 -14
right_child=1 2 3 -5 6 -7 7 -9 9 -11 -12 -13 13 -15
leaf_value=0 -0.0013459139661697224 0.0020757453144365496 0.0019294445887975437 0.0071881530203931794 -0.00099603700783824282 8.1708294549802908e-05 0.0004453716900706577 -0.00034657074818862486 0.0023239078856750676 -0.00022564531275194827 0 0 0 -0.0011304426203360665
leaf_weight=46.390459980815649 250.04082738701254 240.18239608593285 717.88530525611714 54.081643901765347 771.88569208420813 706.20475397258997 1499.7794983824715 2178.1887495098636 124.03055366221815 90.696248969063163 436.89158014766872 263.6982984514907 47.537942621856928 1223.4094022600912
leaf_count=314 1114 847 2989 226 4849 2664 7288 8294 680 354 2147 1805 1287 8130
internal_value=0 0.000888802 0.00146739 0.0023813 -0.000384958 0.000654836 -0.000193409 -6.45018e-06 -0.000143853 0.000953696 -0.000579066 -0.000796281 -0.00102225 -0.00107679
internal_weight=8650.9 2620.01 1718.35 771.967 6030.89 946.387 4713.55 3677.97 901.659 214.727 686.932 1035.58 1317.34 1270.95
internal_count=42988 11021 6726 3215 31967 3511 22236 15582 4295 1034 3261 6654 9731 9417
is_linear=0
shrinkage=0.105172


Tree=15
num_leaves=16
num_cat=0
split_feature=9 26 27 10 33 5 5 24 39 5 9 12 32 19 8
split_gain=0.222499 0.130677 0.152973 0.239859 0.111683 0.05813 0.0557833 0.0622878 0.038451 0.046724 0.0356829 0.0326809 0.0216092 0.024399 0.0141803
threshold=0.32016541657157555 0.44636253782334318 0.46274356904333797 0.63352546942964894 0.048038297507431944 0.14705643237583474 0.37031614931828399 11.500000000000002 1.5000000000000002 0.34435690266082031 0.27819151808334258 0.091654893478518948 0.83047493403693939 0.087841497642260305 0.3348584834328529
decision_type=10 8 10 10 8 10 10 2 2 8 10 8 10 8 10
left_child=5 8 3 -3 -4 12 7 -7 11 -10 -8 -2 13 -1 -14
right_child=1 2 4 -5 -6 6 10 -9 9 -11 -12 -13 14 -15 -16
leaf_value=-0.00063153629211450222 0 0.0013925414968750038 -0.00046165601997426574 0.0064394944401304855 0.0025687245412485777 -0.00016155466866183286 -0.0013552864940671277 0.0010412651045587635 -0.0010981031085937061 0.00070041829804619771 0.00028398715509139933 0.0022319950897238903 -0.0015473586032274367 0.00051247433376865081 0
leaf_weight=2132.87964556925 214.45789109263569 1049.3339312016033 678.8953554937616 127.6457436978817 165.53352332580835 1272.8085816868115 485.26515513844788 706.05163300037384 598.78888776898384 172.83063850738108 128.58806892111897 105.46520352363586 541.55347184604034 166.49152463464998 104.31409726478159
leaf_count=11423 827 4346 3053 337 834 10158 2618 1020 2322 846 624 442 1914 1748 476
internal_value=0 0.000711937 0.00121687 0.00199449 5.79943e-05 -0.000399341 -1.09675e-05 0.000235732 -0.0001653 -0.000613313 -0.000908997 0.000717574 -0.000719752 -0.000521186 -0.00132851
internal_weight=8650.9 3112.95 2021.41 1176.98 844.429 5537.95 2592.71 1978.86 1091.54 771.62 613.853 319.923 2945.24 2299.37 645.868
internal_count=42988 13007 8570 4683 3887 29981 14420 11178 4437 3168 3242 1269 15561 13171 2390
is_linear=0
shrinkage=0.105172


Tree=16
num_leaves=16
num_cat=0
split_feature=21 11 15 5 1 37 30 8 5 30 20 5 35 24 35
split_gain=0.193076 0.0890286 0.142961 0.110141 0.0520562 0.0399396 0.038437 0.0426694 0.0296125 0.0248542 0.0192456 0.019937 0.0177937 0.00465709 0.0039231
threshold=0.054521652148518791 0.25359457680150405 1.5099242534237782 0.15488977905271467 0.093854895104895114 1.0000000180025095e-35 17.180000000000003 0.29952148783429244 0.16209348975786142 20.255000000000006 0.01853570976628122 0.13914886600664794 3.9061055266045828 10.500000000000002 3.004939723625105
decision_type=10 8 8 8 2 2 8 10 8 10 8 8 2 2 2
left_child=4 9 5 -4 10 -3 7 -6 -8 12 14 -12 -2 -11 -1
right_child=1 2 3 -5 6 -7 8 -9 -10 13 11 -13 -14 -15 -16
leaf_value=0 -0.0013582944870728171 -0.00048163836932276123 0.003904365716301028 0.0011883025353103219 0 0.00080180402088231078 -0.00075012410640488709 0.0012191728963149412 8.7860112852250618e-05 0 -0.00076927482703396499 -0.00013860776596919027 0.00032307287802413548 -0.002951995926600043 -0.0012231047566363699
leaf_weight=45.917131813243032 93.106183668598533 473.35721652489156 272.17914504092187 734.79487756220624 575.34173863753676 550.38349268771708 806.51408851798624 514.26992430817336 841.55299317766912 18.30659981071949 1170.3185053290799 1652.5407150133979 236.51505956426263 50.497287034988403 615.30839398177341
leaf_count=314 616 1760 996 3230 3418 2170 3352 2400 4139 212 6007 9673 1177 88 3436
internal_value=0 0.000796868 0.00108983 0.00198576 -0.000308724 0.000146668 1.22794e-05 0.000518251 -0.000283921 -0.000537605 -0.000579083 -0.000422492 0 -0.00237804 -0.00115175
internal_weight=8650.9 2429.14 2030.71 1006.97 6221.76 1023.74 2737.68 1089.61 1648.07 398.425 3484.08 2822.86 329.621 68.8039 661.226
internal_count=42988 10249 8156 4226 32739 3930 13309 5818 7491 2093 19430 15680 1793 300 3750
is_linear=0
shrinkage=0.105172


Tree=17
num_leaves=16
num_cat=0
split_feature=20 14 33 33 9 12 23 12 12 17 12 28 23 28 21
split_gain=0.157982 0.111386 0.102019 0.244134 0.0807558 0.0544151 0.0686735 0.0483185 0.104455 0.0471954 0.025644 0.0248356 0.0171339 0.0165771 0.0139309
threshold=0.095862254283806639 1.2701056518988285 0.030107710602059082 0.023988680673588284 0.44808714462328147 0.11357962574313106 0.081081081081081099 0.083206999105996729 0.14040164292093782 0.6302567977041692 0.17396403553691578 0.027899999999999998 0.063530250627748405 -0.010999999999999994 0.08703590079481674
decision_type=10 10 8 10 8 10 10 10 10 10 10 10 10 10 10
left_child=4 10 3 -3 5 6 -1 11 -9 -4 12 -6 -2 -12 -7
right_child=1 2 9 -5 7 14 -8 8 -10 -11 13 -13 -14 -15 -16
leaf_value=-0.00031041193283053116 0 0.0017844252285038598 -0.0017609910005897548 0.010962700915422579 -0.00065560269795429422 -0.0014256649770159355 0.0011283244802521774 0.0036778153728139642 0 0.0008683140183963332 0 0.0012551785591096403 -0.0022337586042635183 0.0031579310299353039 0
leaf_weight=5588.9611593866721 18.801979210227728 466.76766815781593 74.358179743401706 38.708092957735062 238.93934115255252 569.73496490949765 377.64356903126463 162.18965112511069 212.83633179590106 577.56653754645959 25.754659309983253 108.94798167934641 140.01814413769171 18.306344881653786 31.368747647851706
leaf_count=27508 62 1356 322 154 2108 3102 1875 504 1106 3220 174 580 691 96 130
internal_value=0 0.00104016 0.00146268 0.00261594 -0.000194404 -0.000317562 -0.000208728 0.000836893 0.0016656 0.000471101 -0.00105822 0 -0.00179101 0.000151319 -0.00129237
internal_weight=8650.9 1360.28 1157.4 505.476 7290.62 6567.71 5966.6 722.913 375.026 651.925 202.881 347.887 158.82 44.061 601.104
internal_count=42988 6075 5052 1510 36913 32615 29383 4298 1610 3542 1023 2688 753 270 3232
is_linear=0
shrinkage=0.105172


Tree=18
num_leaves=16
num_cat=0
split_feature=21 11 15 5 26 5 23 33 34 27 28 21 17 35 35
split_gain=0.133413 0.0693135 0.108562 0.0890576 0.0452599 0.0600512 0.101437 0.0543313 0.0444814 0.0214066 0.0160114 0.0153555 0.0152856 0.0388036 0.0296041
threshold=0.054521652148518791 0.25359457680150405 1.5099242534237782 0.15488977905271467 0.33488094468352109 0.14705643237583474 0.11871996571464589 0.017442240721540329 -0.013252614868770605 0.20172182512293182 0.0053499999999999945 0.058738774648533991 1.1604444074968798 3.1724129285102545 5.121729341156974
decision_type=10 8 8 8 10 8 10 10 10 10 8 10 10 2 2
left_child=4 9 8 -4 12 6 -6 -7 -3 11 -11 -2 14 -14 -1
right_child=1 2 3 -5 5 7 -8 -9 -10 10 -12 -13 13 -15 -16
leaf_value=-0.00091102221369111335 0.0013496378694476873 0.00093345191760364505 0.003431293283374636 0.00097708071648104243 -0.00066855407100466636 -0.00032115330788035448 0.0049991312063651719 0.00078286676607139968 -0.00044224158432626376 -0.0033197044278432614 0 -0.00047247935797262083 0.0014584289209485844 -0.00055504836510120864 0
leaf_weight=1693.5045841238461 61.085560068488121 444.88489693868905 272.17914504092187 734.79487756220624 1503.7512958915904 692.01171104586683 33.420310965273529 1311.3924646563828 578.85581227391958 46.657665364444256 29.932900168001652 260.74900447763503 133.96785404253751 466.81696333736181 386.89830671600066
leaf_count=8705 257 2118 996 3230 7742 4250 140 8034 1812 222 188 1426 640 1920 1308
internal_value=0 0.000662783 0.000923361 0.00170369 -0.000256244 0 -0.000503648 0.000369983 9.39323e-05 -0.000506619 -0.00210162 0 -0.000582295 -6.06709e-07 -0.000719888
internal_weight=8650.9 2429.14 2030.71 1006.97 6221.76 3540.58 1537.17 2003.4 1023.74 398.425 76.5906 321.835 2681.19 600.785 2080.4
internal_count=42988 10249 8156 4226 32739 20166 7882 12284 3930 2093 410 1683 12573 2560 10013
is_linear=0
shrinkage=0.105172


Tree=19
num_leaves=15
num_cat=0
split_feature=9 26 8 9 27 9 12 26 11 30 8 35 26 24
split_gain=0.11939 0.0976251 0.101831 0.12373 0.108451 0.0412555 0.0468399 0.039657 0.0334355 0.0321056 0.0233831 0.00519275 0.00362213 0.00325284
threshold=0.32016541657157555 0.41816184440192811 0.34264154537429597 0.47892777952176085 0.042907871797266635 0.19576518086215774 0.084659639953661991 0.53451642002297972 0.6891637856716355 19.385000000000002 0.3454764953891985 2.3781561723754474 0.20405852217778822 9.5000000000000018
decision_type=10 8 10 10 10 8 10 10 10 10 10 2 10 2
left_child=5 8 4 -4 -3 11 9 -8 10 -7 -2 -1 -13 -10
right_child=1 2 3 -5 -6 6 7 -9 13 -11 -12 12 -14 -15
leaf_value=0 -0.00088443411701235024 -0.0011324185200709456 -1.7690600301924657e-05 0.00185731197641433 0.0031443238785815002 0.00016210954488047379 -0.0016875237257989719 0 0 -0.00054249323197629127 0.00023640294912030213 -0.0015065760934970885 -0.00063999119492602185 -0.0034450284584889618
leaf_weight=9.5303936940617842 293.59702854696661 55.501797087490559 1209.9975789347664 532.7163916612044 366.03846960188821 2982.036932785064 362.83963733771816 161.23612454440445 28.27771626226604 940.19613677775487 585.06161847431213 269.54818750731647 812.5647654151544 41.760574042797089
leaf_count=178 1558 232 4762 2126 2030 16280 1388 772 218 3210 2003 1761 6392 78
internal_value=0 0.000523224 0.000921077 0.00051934 0.00243114 -0.000290797 -0.000131627 -0.00106546 -0.000317798 0 -6.6315e-05 -0.000881095 -0.000914459 -0.00256447
internal_weight=8650.9 3112.95 2164.25 1742.71 421.54 5537.95 4446.31 524.076 948.697 3922.23 878.659 1091.64 1082.11 70.0383
internal_count=42988 13007 9150 6888 2262 29981 21650 2160 3857 19490 3561 8331 8153 296
is_linear=0
shrinkage=0.105172


Tree=20
num_leaves=16
num_cat=0
split_feature=21 18 19 19 33 31 7 16 24 17 22 33 18 16 31
split_gain=0.0992054 0.0938822 0.101563 0.092439 0.0814721 0.0769355 0.0723499 0.0430874 0.0256633 0.037365 0.0428777 0.0269747 0.0295302 0.0137027 0.0133351
threshold=0.033131347006487254 -0.066657312713847491 0.10560087189427726 0.17027362410160748 0.034475976999724496 3.7500000000000013 0.24161618981278807 1.1948418097073796 11.500000000000002 1.1962347521330661 0.028427818637852816 0.050055173540845883 -0.062307967288881987 0.79173940006007981 6.9850000000000003
decision_type=10 8 10 10 10 10 8 10 2 10 10 10 10 8 10
left_child=8 2 4 -4 -2 6 -3 -7 11 14 -11 13 -13 -1 -10
right_child=1 5 3 -5 -6 7 -8 -9 9 10 -12 12 -14 -15 -16
leaf_value=0 -0.0010164342530020393 -0.00033287289359924132 0.0053671903807222211 0 0.0030926271444868796 -0.00010189736062446553 0.00072443897360371338 -0.0018765870827212555 -0.00042727567654628868 -0.00043443560951334615 0.001884836770566282 0.0021793376122520029 -0.00035385052719675626 -0.0011384126536052685 0.00099439364117546005
leaf_weight=140.69894365873188 138.7160764336586 918.48257055692375 123.22482256870717 26.592525506392121 79.93644386343658 626.06771498173475 2444.0313007119112 246.59663794655353 1062.8891865927726 86.527034640312195 216.59113073348999 47.160827284678817 1485.3363650264218 953.09592657303438 54.955845594406128
leaf_count=1095 446 5286 434 88 436 2830 9680 1016 1497 132 314 310 9471 9877 76
internal_value=0 0.000333312 0.00196101 0.00410892 0.000198328 0.0001767 0.000416835 -0.000676074 -0.000380455 0 0.00101457 -0.000575443 -0.000234414 -0.000995368 -0.00030071
internal_weight=8650.9 4603.65 368.47 149.817 218.653 4235.18 3362.51 872.664 4047.26 1420.96 303.118 2626.29 1532.5 1093.79 1117.85
internal_count=42988 20216 1404 522 882 18812 14966 3846 22772 2019 446 20753 9781 10972 1573
is_linear=0
shrinkage=0.105172


Tree=21
num_leaves=15
num_cat=0
split_feature=1 33 19 17 12 33 12 26 31 21 27 12 3 35
split_gain=0.0844879 0.0565043 0.0659697 0.149918 0.0568072 0.0301592 0.040662 0.0227279 0.0197306 0.01476 0.0141702 0.00741374 0.00636472 0.00656232
threshold=0.094220647773279362 0.0083530813047436609 0.14396148292435937 0.6302567977041692 0.11357962574313106 -0.019204549024012914 0.085821765794295471 0.21666977519925115 6.4800000000000013 0.017339582219320162 0.070136380554881875 0.048279641918337661 2.5000000000000004 2.3781561723754474
decision_type=2 8 10 10 10 10 10 10 10 10 10 10 2 2
left_child=7 5 4 -4 -3 8 -7 12 -2 11 -11 -9 -1 -14
right_child=1 2 3 -5 -6 6 -8 9 -10 10 -12 -13 13 -15
leaf_value=0 0.00046783694930510979 0.00047336067939747316 -0.0026817611571012903 0.0027337503006999359 -0.00081101611258759096 -0.0023389134696913789 0.00028053461207825368 -0.00081043128865870319 -0.00078165855785411486 0.00064809129746695282 -0.00015642904594030115 0 0 -0.0010478315202680241
leaf_weight=68.792560944333673 322.74881972838193 3077.8479391410947 56.400912150740623 337.96046473272145 403.33565683010966 174.56581280846149 43.281004421412945 572.69671826739796 241.33163370750844 260.36093501839787 2089.2659778003581 270.26989541202784 30.673847222235054 701.37117448798381
leaf_count=428 2376 13744 190 1409 1220 412 89 4043 1614 1332 10876 1421 152 3682
internal_value=0 0.000301652 0.000474548 0.00179818 0.000306364 -0.000474403 -0.00152885 -0.000357606 0 -0.000205494 -4.03438e-05 -0.000590765 -0.000884933 -0.000976128
internal_weight=8650.9 4657.47 3875.54 394.361 3481.18 781.927 217.847 3993.43 564.08 3192.59 2349.63 842.967 800.838 732.045
internal_count=42988 21054 16563 1599 14964 4491 501 21934 3990 17672 12208 5464 4262 3834
is_linear=0
shrinkage=0.105172


end of trees

feature_importances:
parkinson_rv_60d=31
iv_rank=27
hist_move_avg_8q=23
hist_move_avg_4q=19
log_spot=16
iv_crush_pct=14
vix_current=14
hist_move_std_4q=13
hist_move_med_8q=13
vol_of_vol_20d=12
drift_5d=12
spy_drift_60d=12
hist_move_med_4q=11
volume_ratio_20d=10
hv_rank=10
straddle_pct=9
parkinson_rv_20d=8
vix_change_30d=8
parkinson_rv_10d=7
iv_mom_week=7
cc_rv_10d=6
rv_term_ratio=6
tlt_spy_ratio_30d=6
cc_rv_20d=5
iv_cc_rv_ratio_20d=5
atm_iv=4
hist_event_count=4
iv_rv_ratio_60d=3
iv_rv_ratio_20d=2
earnings_month=2
em_iv_pct=1
dte=1
hist_straddle_accuracy=1
vix_pct_252d=1
timing_amc=1
earnings_dow=1

parameters:
[boosting: gbdt]
[objective: regression]
[metric: l2]
[tree_learner: serial]
[device_type: cpu]
[data_sample_strategy: bagging]
[data: ]
[valid: ]
[num_iterations: 2000]
[learning_rate: 0.105172]
[num_leaves: 119]
[num_threads: 8]
[seed: 42]
[deterministic: 0]
[force_col_wise: 0]
[force_row_wise: 0]
[histogram_pool_size: -1]
[max_depth: 4]
[min_data_in_leaf: 75]
[min_sum_hessian_in_leaf: 0.001]
[bagging_fraction: 0.880172]
[pos_bagging_fraction: 1]
[neg_bagging_fraction: 1]
[bagging_freq: 0]
[bagging_seed: 400]
[bagging_by_query: 0]
[feature_fraction: 0.750692]
[feature_fraction_bynode: 1]
[feature_fraction_seed: 30056]
[extra_trees: 0]
[extra_seed: 12879]
[early_stopping_round: 0]
[early_stopping_min_delta: 0]
[first_metric_only: 0]
[max_delta_step: 0]
[lambda_l1: 0.600869]
[lambda_l2: 0.181866]
[linear_lambda: 0]
[min_gain_to_split: 0]
[drop_rate: 0.1]
[max_drop: 50]
[skip_drop: 0.5]
[xgboost_dart_mode: 0]
[uniform_drop: 0]
[drop_seed: 17869]
[top_rate: 0.2]
[other_rate: 0.1]
[min_data_per_group: 100]
[max_cat_threshold: 32]
[cat_l2: 10]
[cat_smooth: 10]
[max_cat_to_onehot: 4]
[top_k: 20]
[monotone_constraints: ]
[monotone_constraints_method: basic]
[monotone_penalty: 0]
[feature_contri: ]
[forcedsplits_filename: ]
[refit_decay_rate: 0.9]
[cegb_tradeoff: 1]
[cegb_penalty_split: 0]
[cegb_penalty_feature_lazy: ]
[cegb_penalty_feature_coupled: ]
[path_smooth: 0]
[interaction_constraints: ]
[verbosity: -1]
[saved_feature_importance_type: 0]
[use_quantized_grad: 0]
[num_grad_quant_bins: 4]
[quant_train_renew_leaf: 0]
[stochastic_rounding: 1]
[linear_tree: 0]
[max_bin: 255]
[max_bin_by_feature: ]
[min_data_in_bin: 3]
[bin_construct_sample_cnt: 200000]
[data_random_seed: 175]
[is_enable_sparse: 1]
[enable_bundle: 1]
[use_missing: 1]
[zero_as_missing: 0]
[feature_pre_filter: 1]
[pre_partition: 0]
[two_round: 0]
[header: 0]
[label_column: ]
[weight_column: ]
[group_column: ]
[ignore_column: ]
[categorical_feature: ]
[forcedbins_filename: ]
[precise_float_parser: 0]
[parser_config_file: ]
[objective_seed: 16083]
[num_class: 1]
[is_unbalance: 0]
[scale_pos_weight: 1]
[sigmoid: 1]
[boost_from_average: 1]
[reg_sqrt: 0]
[alpha: 0.9]
[fair_c: 1]
[poisson_max_delta_step: 0.7]
[tweedie_variance_power: 1.5]
[lambdarank_truncation_level: 30]
[lambdarank_norm: 1]
[label_gain: ]
[lambdarank_position_bias_regularization: 0]
[eval_at: ]
[multi_error_top_k: 1]
[auc_mu_weights: ]
[num_machines: 1]
[local_listen_port: 12400]
[time_out: 120]
[machine_list_filename: ]
[machines: ]
[gpu_platform_id: -1]
[gpu_device_id: -1]
[gpu_use_dp: 0]
[num_gpu: 1]

end of parameters

pandas_categorical:[]
