tree
version=v4
num_class=1
num_tree_per_iteration=1
label_index=0
max_feature_idx=39
objective=quantile
feature_names=atm_iv straddle_pct em_iv_pct dte event_move_implied iv_crush_pct event_vol_fraction parkinson_rv_10d parkinson_rv_20d parkinson_rv_60d cc_rv_10d cc_rv_20d vol_of_vol_20d iv_rv_ratio_20d iv_rv_ratio_60d iv_cc_rv_ratio_20d rv_term_ratio volume_ratio_20d drift_5d hist_move_avg_4q hist_move_med_4q hist_move_std_4q hist_move_avg_8q hist_move_med_8q hist_event_count hist_straddle_accuracy iv_rank hv_rank iv_mom_week iv_mom_month vix_current vix_change_30d vix_pct_252d spy_drift_60d tlt_spy_ratio_30d log_spot timing_bmo timing_amc earnings_month earnings_dow
feature_infos=[0.024199999999999999:9.9293999999999993] [0.002142857142857143:2.21] [0.0053740931060346142:1.5591856490901803] [1:60] [0:1.1296746668417901] [-7.8719008264462813:0.9435927580531388] [0.035178152001413186:173.3117510595934] [0.012475812364060786:1.4739688948412315] [0.014528699580470076:1.2438967218232768] [0.013207812215560761:1.4952309709118137] [0.0066679270609813152:6.9342884920552006] [0.0068262195275598627:8.2027230917918654] [0.0027020016679954314:0.62244251568894249] [0.26930305252671605:99.583912805520455] [0.20974968805216301:66.302880156718047] [0.051441721062870392:127.82888870730311] [0.09527953453298528:2.4494897427831788] [0.23972616521001539:11.824474731441196] [-0.52344068487566253:0.61354838709677417] [0:0.5085720135024111] [0:0.5] [0:0.74631856464742785] [0:0.5] [0:0.5] [0:24] [0.0015431424037530123:41.510601492389036] [0:1] [-11.142857142856565:8.4000000000002668] [-0.81919999999999993:0.69280000000000008] [-0.65920000000000001:0.62860000000000005] [12.039999999999999:52.329999999999998] [-29.849999999999998:24.469999999999999] [0.0065963060686015833:1] [-0.15722837228372288:0.2501611343860779] [-0.2127845500662231:0.18641926279590715] [0.19885085874516517:8.6444864170736135] [0:1] [0:1] [1:12] [1:5]
tree_sizes=1541 1604 1593 1808 1593 1597 1582 1487 1708 1590 1709 1266 1372 1257 1373 1263 1366 1476 1266 1359 1369 1473 1377 1369 1378 1263 1256 1267 1157 1469 1147 1261 1921 1485 1929 1928 1471 1820 1800 1810 1914 1806 1699 1791 1691 1921 1906 1916 1473 1678 1577 1237 1140 1472 1367 1477 1693 1700 1253 1594 1589

Tree=0
num_leaves=13
num_cat=0
split_feature=19 10 23 1 17 35 17 9 10 5 11 28
split_gain=57.6473 15.8308 14.8901 11.3169 10.286 6.01538 5.40733 5.32408 4.24725 3.83111 3.35869 2.69548
threshold=0.039151056873160874 0.068969471179640723 0.023061760522098049 0.10973063667694542 1.2273864369062248 3.4488758043532237 0.7215666036781031 0.23191898349450754 0.12508304457612582 0.092450277516172755 0.1466859328750747 0.0064000000000000038
decision_type=10 8 10 2 10 2 10 10 10 8 10 8
left_child=2 -2 4 5 7 -3 11 -1 -6 -5 -8 -4
right_child=1 3 6 9 8 -7 10 -9 -10 -11 -12 -13
leaf_value=0.019479614817011652 0.018978350020263542 0.020038351639342727 0.019388850547606969 0.020865459437833057 0.019697524593823467 0.020976264227360434 0.019480351600550585 0.019691633628239835 0.020230794435530077 0.02205786010342704 0.020525530262472034 0.020263034013484459
leaf_weight=428.32512609497644 25.571772741619498 347.17705452535301 70.027669957838953 355.30535779939964 36.289527934510261 2140.0106899654493 64.955155559349805 214.93581599928439 405.05499582923949 2337.2994978469796 1277.2704647686332 49.603729040361941
leaf_count=4654 144 2118 300 1463 230 12657 640 1331 2635 9858 6421 248
internal_value=0.0206612 0.0257509 0.0102492 0.026087 0.00274445 0.0219645 0.0158447 -0.00408748 0.0127962 0.0298816 0.0174117 -0.00136066
internal_weight=7751.83 5205.36 2546.46 5179.79 1084.61 2487.19 1461.86 643.261 441.345 2692.6 1342.23 119.631
internal_count=42699 26240 16459 26096 8850 14775 7609 5985 2865 11321 7061 548
is_linear=0
shrinkage=1


Tree=1
num_leaves=13
num_cat=0
split_feature=22 10 9 18 23 19 35 12 1 5 24 28
split_gain=59.1149 16.4106 10.8731 7.30394 6.33547 5.68329 4.42491 4.32306 4.07065 3.68227 3.43503 3.09466
threshold=0.035878232955597521 0.068969471179640723 0.27335094815990701 -0.0090932059350450883 0.02093224291606741 0.046192003015044704 3.5412490951262714 0.02728236838405004 0.092972972972972995 -0.096986909260539461 11.500000000000002 -0.0091499999999999897
decision_type=10 8 10 8 8 10 2 10 2 8 2 10
left_child=3 -2 6 7 8 -4 -3 10 -5 -9 -1 -6
right_child=1 2 5 4 11 -7 -8 9 -10 -11 -12 -13
leaf_value=-0.00076165837211455316 -0.0015407185469503671 -0.00041775095398089872 -1.7798002587204561e-05 -0.0010817781272293356 -0.00020635619016149851 0.0011355298197572464 0.00023472123467944541 -0.0014176900818645098 -0.00074032740330600897 1.2469918794200656e-06 -0.0013928357796613579 -0.00072445227783036732
leaf_weight=170.44100161502138 27.320095899049193 396.42178189195693 553.67382951639593 469.00875928811729 277.66393889812753 2919.5320357549936 1944.2131673246622 15.687114018946884 144.2753880363889 449.59105211077258 13.200098201632498 370.79859550693072
leaf_count=1322 152 2557 2376 2890 2146 12102 11921 76 1035 2646 20 3456
internal_value=-0.000213774 0.00399911 0.00431402 -0.0131077 -0.0168645 0.00731135 -0.000120233 -0.00574362 -0.0230664 -0.00132994 -0.0167074 -0.0109328
internal_weight=7751.83 5841.16 5813.84 1910.67 1261.75 3473.21 2340.63 648.919 613.284 465.278 183.641 648.463
internal_count=42699 29108 28956 13591 9527 14478 14478 4064 3925 2722 1342 5602
is_linear=0
shrinkage=0.0844352


Tree=2
num_leaves=13
num_cat=0
split_feature=23 10 9 27 1 17 35 23 9 12 30 0
split_gain=42.9236 13.5985 12.2257 9.09034 7.47633 7.09722 4.98706 4.26477 4.0831 3.96043 3.40445 3.16978
threshold=0.035748618806903894 0.068969471179640723 0.23098319872815673 0.52207733921057897 0.10200961538461541 1.5286386120807862 4.8165648723287751 0.026282222799499298 0.2125727029263059 0.090996092468815307 23.530000000000005 0.55437500000000017
decision_type=10 8 10 10 2 10 2 8 10 10 10 2
left_child=2 -2 3 5 8 -1 9 -5 -3 -4 -8 -6
right_child=1 4 6 7 11 -7 10 -9 -10 -11 -12 -13
leaf_value=-0.00086835620830425777 -0.0014106277185164198 -0.00022608573614392943 -0.00015352743790727512 -0.0011241372222319625 0.00042269735969775605 0.00011796842993904894 0.00080804006914340898 -0.0010460837869859295 0.00029972742260929078 -0.00078902287294841994 -0.00073773701995642706 0.0015021529359765793
leaf_weight=994.52122379560024 22.652069760952145 619.29706714907661 662.61989146843553 131.58012517169118 1220.5276272101328 256.33873024769127 277.34146860148758 43.485882560955361 1462.8033187664114 233.81837140582502 49.599628955125809 1777.2414529696107
leaf_count=7752 130 5259 3536 1000 5767 1523 961 536 7453 1285 344 7153
internal_value=-0.000134325 0.00438859 -0.00885692 -0.0141735 0.00468887 -0.0115995 -0.00262928 -0.0322778 0.000783918 -0.00590316 0.00624098 0.00738935
internal_weight=7751.83 5102.52 2649.31 1425.93 5079.87 1250.86 1223.38 175.066 2082.1 896.438 326.941 2997.77
internal_count=42699 25762 16937 10811 25632 9275 6126 1536 12712 4821 1305 12920
is_linear=0
shrinkage=0.0844352


Tree=3
num_leaves=15
num_cat=0
split_feature=22 8 9 17 23 9 17 21 7 30 13 28 21 1
split_gain=42.5183 14.8935 9.03483 6.84866 7.54201 6.42213 4.80167 4.57755 4.07564 3.91092 3.44517 2.89339 0.779203 0.912994
threshold=0.035878232955597521 0.11120575348140972 0.27402946621180563 1.423619803153428 0.023061760522098049 0.23191898349450754 0.99036589150465415 0.045021775425895784 0.18426862468889976 16.935000000000006 1.0264099206764528 -0.0091499999999999897 0.0781393503604772 0.058612670408981563
decision_type=10 8 10 10 8 10 8 8 10 10 10 10 8 2
left_child=3 12 6 4 5 -1 -3 -4 9 -5 -10 -6 -2 -14
right_child=1 2 7 8 11 -7 -8 -9 10 -11 -12 -13 13 -15
leaf_value=-0.0008383171267612998 -0.0012915211309589962 -0.00038503809879292337 0.00029586282508241155 0.00017534329785153584 3.7419771498188847e-06 -0.00067052714442938888 0.00019327562711752972 0.0011190216961453939 -0.00092161707346557391 -0.0012799419776981721 0.00027135237984012717 -0.00068687324079909373 -0.0012026328404644686 0.00039406313539138988
leaf_weight=562.55731879174709 25.633395010605454 414.09183518402278 1392.9290824951604 58.014383640605956 260.33631876530126 278.78123298659921 1945.8155436702073 2055.8019022056833 12.056910116225479 58.239205990452319 313.99691409431398 366.68366329069249 3.7078144503757349 3.1813373710028827
leaf_count=3640 108 2555 6095 558 2052 1575 11895 8263 81 402 1759 3524 95 97
internal_value=-0.000114531 0.00345771 0.0037845 -0.0110504 -0.0138273 -0.0190714 -0.000227633 0.0065391 -0.001751 -0.0153305 0.00300813 -0.00672691 -0.0529535 -0.0178866
internal_weight=7751.83 5841.16 5808.64 1910.67 1468.36 841.339 2359.91 3448.73 442.307 116.254 326.054 627.02 32.5225 6.88915
internal_count=42699 29108 28808 13591 10791 5215 14450 14358 2800 960 1840 5576 300 192
is_linear=0
shrinkage=0.0844352


Tree=4
num_leaves=13
num_cat=0
split_feature=19 10 23 17 9 4 6 10 16 19 26 15
split_gain=35.2348 15.2533 9.87437 7.48854 6.53965 7.15273 4.95558 4.93461 4.8426 4.56947 4.47978 3.16588
threshold=0.039585868992777253 0.068969471179640723 0.022651631362114875 1.2273864369062248 0.27335094815990701 0.17400294125597135 0.75562549431508463 0.12508304457612582 0.75406148532678607 0.037495435417693755 0.2500226654578423 0.6741314673017117
decision_type=10 8 10 10 10 8 10 10 10 10 8 10
left_child=2 -2 3 6 5 -3 -1 -5 10 -10 -4 -6
right_child=1 4 8 7 11 -7 -8 -9 9 -11 -12 -13
leaf_value=-0.00093156450230959004 -0.0011824713280608834 0.00021113676957410497 -0.001343926232701134 -0.000646824232885218 -0.00095003575849813898 -0.00082840840970991377 -0.00024216975937974323 -0.00024272710362732838 -3.1400059043256914e-05 -0.00047344385462325805 -0.0007731364681819303 0.0008615642435495798
leaf_weight=532.11321101943031 25.520743145141751 1767.5300284405239 31.349592596292496 36.240678823087364 75.638255509547889 147.00963493110612 100.24142958573066 377.62982245814055 1251.164004792925 170.37742271181196 111.83618187811226 3125.1758521711454
leaf_count=5383 140 11504 146 218 478 946 502 2531 6355 910 738 12848
internal_value=-8.39082e-05 0.00396855 -0.00807483 -0.0144343 0.00430262 0.000380461 -0.0202298 -0.00548351 -0.00379782 -0.00227678 -0.0185986 0.0066378
internal_weight=7751.83 5140.87 2610.95 1046.23 5115.35 1914.54 632.355 413.871 1564.73 1421.54 143.186 3200.81
internal_count=42699 25916 16783 8634 25776 12450 5885 2749 8149 7265 884 13326
is_linear=0
shrinkage=0.0844352


Tree=5
num_leaves=13
num_cat=0
split_feature=22 10 22 18 35 22 34 16 11 26 35 16
split_gain=30.086 14.4715 6.79772 5.72193 5.42505 5.35137 5.25547 5.01272 4.39554 4.00625 3.02351 2.67946
threshold=0.042990368878366526 0.068969471179640723 0.030183316197238758 -0.0064549175455578247 2.8376153625833869 0.072324114754525007 -0.031130045819978577 0.88547977404603206 0.26658944914751825 0.53498616727932802 4.7872833660338756 0.8961117837119702
decision_type=10 8 10 8 2 10 8 10 10 8 2 8
left_child=2 -2 3 8 11 6 -3 -5 -1 -7 -6 -4
right_child=1 5 4 7 10 9 -8 -9 -10 -11 -12 -13
leaf_value=-0.00071565748507782987 -0.001082629163525828 0.00053995227122046905 0.00011984599477688318 -0.00095061109829718948 -0.00042167449454107799 0.00028927928907284501 -5.6208299733087296e-05 -0.00062622571448520006 0.00078677884611816525 0.0013426312818342618 0.00021144830345940681 -0.00073002142667791085
leaf_weight=333.09726782189682 24.402121959719807 766.77811563247815 22.94022305496037 240.15967300231569 806.16506809135899 1025.5718703949824 1911.9816370308399 635.41078304918483 141.43776338081807 1325.7223413498141 451.19815304176882 66.961840252857655
leaf_count=2318 138 6719 186 3387 4392 4958 6907 3795 896 6249 2432 322
internal_value=-1.54027e-05 0.00382293 -0.00721938 -0.011461 -0.00294116 0.00414699 0.0015504 -0.0155188 -0.00389454 0.00709004 -0.00147534 -0.0229359
internal_weight=7751.83 5054.46 2697.37 1350.11 1347.27 5030.05 2678.76 875.57 474.535 2351.29 1257.36 89.9021
internal_count=42699 24971 17728 10396 7332 24833 13626 7182 3214 11207 6824 508
is_linear=0
shrinkage=0.0844352


Tree=6
num_leaves=13
num_cat=0
split_feature=22 10 22 17 10 34 17 19 1 17 34 20
split_gain=25.9363 17.7648 8.94205 6.81856 5.7812 5.92048 6.20271 3.70462 3.66258 2.88895 2.64864 0.034349
threshold=0.030183316197238758 0.068969471179640723 0.057518622306235931 0.66161868989438333 0.25499191918196024 0.036449161784192004 1.1130094116259215 0.037301571710165675 0.13263654419066537 1.5739566391431652 0.0033811236335187238 0.010481163633490944
decision_type=10 8 8 10 10 10 8 8 2 10 10 8
left_child=4 -2 3 -3 5 6 -1 9 -4 -6 -9 -7
right_child=1 2 8 -5 7 11 -8 10 -10 -11 -12 -13
leaf_value=-0.0008000322245744659 -0.00099121718886725101 -0.00067870507137322844 0.00028856305227316175 1.63408056532054e-05 -0.00036558550536301476 -0.0005938658471049404 -0.00038929529780684484 -0.00065408765869393352 0.0012953167673403286 0.00072767795869448332 -0.00096195459770960501 -0.0010475214701259224
leaf_weight=408.19927483005449 31.012872166465968 186.48502462496981 1963.8205279628746 2684.2828743304126 318.21670902473852 16.996987704187632 469.73458781815134 26.0907037910074 1536.1200717240572 80.836651887744665 12.880112826824186 17.150459371507168
leaf_count=2601 190 805 10982 14290 2018 40 4932 206 6036 469 26 104
internal_value=8.41834e-05 0.00233152 0.00264947 -0.00083335 -0.0105439 -0.0143787 -0.0129647 -0.00247495 0.00551531 0 -0.0271242 -0.0489576
internal_weight=7751.83 6401.72 6370.71 2870.77 1350.11 912.081 877.934 438.024 3499.94 399.053 38.9708 34.1474
internal_count=42699 32303 32113 15095 10396 7677 7533 2719 17018 2487 232 144
is_linear=0
shrinkage=0.0844352


Tree=7
num_leaves=12
num_cat=0
split_feature=22 10 22 14 10 34 26 16 22 17 28
split_gain=21.9044 17.6413 7.37223 6.67686 5.04575 6.31668 5.02058 4.78236 2.50577 3.01857 2.27746
threshold=0.030183316197238758 0.068969471179640723 0.057518622306235931 4.6376339012617569 0.25499191918196024 0.036449161784192004 0.53701038874513884 0.74104404452486461 0.029548513442608056 1.5739566391431652 0.017450000000000025
decision_type=10 8 10 8 10 10 10 8 8 10 10
left_child=4 -2 3 -3 5 7 -4 -1 9 -6 -10
right_child=1 2 6 -5 8 -7 -8 -9 10 -11 -12
leaf_value=-0.0010866951553861609 -0.00090752359959168612 1.8978401822545005e-05 0.00021412536611852838 -0.00062154740681914008 -0.00046881983874421605 -0.00095907381943672904 0.00093107488129280398 -0.00047793290326282188 -0.00070315169006602294 0.00072107509963164284 0.0046489229391349406
leaf_weight=63.288112847134471 31.012872166465968 2644.6946435794234 1810.2987079340965 226.07325537595898 328.13203934533522 34.147447075694799 1689.6418917528354 814.64574980107136 22.205518095754091 80.518354687839746 7.1682654013857237
leaf_count=426 190 13979 8557 1116 2006 144 8461 7107 172 465 76
internal_value=4.91637e-05 0.00211481 0.0024317 -0.000729699 -0.00971761 -0.0133002 0.00503392 -0.0118443 -0.00217452 -0.00036395 -0.0257651
internal_weight=7751.83 6401.72 6370.71 2870.77 1350.11 912.081 3499.94 877.934 438.024 408.65 29.3738
internal_count=42699 32303 32113 15095 10396 7677 17018 7533 2719 2471 248
is_linear=0
shrinkage=0.0844352


Tree=8
num_leaves=14
num_cat=0
split_feature=8 10 19 26 34 23 34 16 18 26 10 30 24
split_gain=19.1518 13.1674 8.00664 7.69114 6.35082 4.48463 6.97285 3.63386 3.56482 3.34551 3.16859 2.84877 1.33737
threshold=0.22771324387763614 0.068969471179640723 0.03560364983678501 0.56506921924472553 0.027331172936831186 0.020531811710242435 0.027331172936831186 1.3189901580471159 -0.15392838531973499 0.31677868987480678 0.37332830643385145 19.105000000000004 9.5000000000000018
decision_type=10 8 8 10 8 10 10 10 10 10 10 10 2
left_child=1 9 4 5 -3 6 -2 11 -7 -1 -4 -5 -9
right_child=3 2 10 7 -6 8 -8 12 -10 -11 -12 -13 -14
leaf_value=-0.00086643749905848135 -0.00029659611139046482 -0.00042972907394130789 -1.3892930758734158e-05 0.0011451659313892017 -0.00098277519725992971 -0.00097376173418590116 -0.001037296614074198 0.00082785573463124902 7.4733817339061657e-05 -0.00085346753223937281 -0.0017531792485765408 0.00013408212810262174 0.0017192762874319522
leaf_weight=38.314691273029894 247.12250667251647 992.78333089873195 1183.2728936120402 980.52155550662428 129.75704566994682 27.235326340422034 51.788856081664562 73.29622567538172 3099.4020527778193 9.6266576452180725 8.9067953443154675 703.22171394247562 206.57720662280917
leaf_count=258 1745 6272 10972 5277 1158 70 126 846 12627 62 98 2862 326
internal_value=-3.53669e-05 -0.00637715 -0.00544717 0.00273918 -0.0105647 0.000313764 -0.00954381 0.00695218 0.00126833 -0.0499963 -0.000598088 0.00543771 0.0159154
internal_weight=7751.83 2362.66 2314.72 5389.17 1122.54 3425.55 298.911 1963.62 3126.64 47.9413 1192.18 1683.74 279.873
internal_count=42699 18820 18500 23879 7430 14568 1871 9311 12697 320 11070 8139 1172
is_linear=0
shrinkage=0.0844352


Tree=9
num_leaves=13
num_cat=0
split_feature=9 10 26 17 5 11 0 5 31 22 10 26
split_gain=18.1013 10.2106 6.75417 6.43917 7.37744 5.00713 4.62469 4.45293 4.71021 3.88355 3.26793 3.13114
threshold=0.22708960308036161 0.068969471179640723 0.55658340910999149 0.98176024509681936 0.060617022694614241 0.17991179562824333 0.22592500000000001 0.064263664751734215 5.2500000000000018 0.042990368878366526 0.13756407520271807 0.31677868987480678
decision_type=10 8 10 8 8 10 2 8 10 10 10 10
left_child=1 11 6 5 -5 -3 -2 8 -4 -8 -9 -1
right_child=2 3 7 4 -6 -7 9 10 -10 -11 -12 -13
leaf_value=-0.00079298350785970972 -0.0011939722149930901 -9.923111551351506e-06 0.00010566587117473927 -0.00070708768442442308 -9.9114737596199681e-05 -0.00071986565531254986 -0.00033646358051535053 -0.00063107079014294713 -0.0011019799756058848 0.00021609920073689467 0.00078762781173941706 -0.00078140485828100364
leaf_weight=31.274446261581033 15.83992038015276 122.89371122792363 85.807578061707318 220.59232226852328 1686.536937382305 314.46639474574476 944.66947262641042 18.370080813765526 30.942643791437149 2374.2050149161369 1896.6195963835344 9.6087392037734372
leaf_count=240 64 1045 492 1778 13341 2042 4625 86 82 9657 9189 58
internal_value=2.23827e-05 -0.00609231 0.00274687 -0.00534047 -0.00319693 -0.0145954 0.00039789 0.00658479 -0.00926455 0.000628753 0.00757085 -0.0477328
internal_weight=7751.83 2385.37 5366.45 2344.49 1907.13 437.36 3334.71 2031.74 116.75 3318.87 1914.99 40.8832
internal_count=42699 18504 24195 18206 15119 3087 14346 9849 574 14282 9275 298
is_linear=0
shrinkage=0.0844352


Tree=10
num_leaves=14
num_cat=0
split_feature=9 11 22 27 26 26 22 4 28 28 30 30 5
split_gain=15.3982 9.04776 6.06394 5.81726 5.43888 5.01422 4.58714 3.39838 3.36744 3.85375 3.27444 3.07202 2.30279
threshold=0.22708960308036161 0.087789786953725871 0.036548800853961866 0.31435066461139344 0.61748312571996611 0.31908515412173682 0.025298336678276998 0.33490896797960007 -0.0091499999999999897 -0.0069500000000000109 18.350000000000005 15.855000000000002 0.7590287670554049
decision_type=10 8 10 10 8 10 10 8 8 8 10 10 8
left_child=1 5 8 7 12 -1 -5 -3 10 -10 -2 -6 -4
right_child=2 3 4 6 11 -7 -8 -9 9 -11 -12 -13 -14
leaf_value=-0.000726027812625095 0.00061374387543505294 -8.3947481949731793e-05 0.00012656944265577755 -0.00065612123481655798 -0.00075625216532155474 0.0016799673810386324 -0.00026317280148865625 -0.00064738461742085704 -0.00079084456139550036 -0.00044605433857148046 -0.00033108360484499573 0.00088975720486803727 -0.0008386418329236851
leaf_weight=32.158628583420068 115.12094220891595 1491.791304520797 2960.6148155322298 230.50110380421393 123.90523285791278 7.4581820433959356 501.79446876328439 121.66886337473989 22.382664977572858 479.29917185008526 157.87336041964591 1478.3975708242506 28.860548302531242
leaf_count=366 770 11386 11986 1996 1963 110 3644 1002 114 2541 837 5830 154
internal_value=-6.14142e-05 -0.00570922 0.0024432 -0.00501142 0.003613 -0.045536 -0.0112605 -0.00215168 -0.0044455 -0.00856592 0.00300784 0.00758638 0.00147123
internal_weight=7751.83 2385.37 5366.45 2345.76 4591.78 39.6168 732.296 1613.46 774.676 501.682 272.994 1602.3 2989.48
internal_count=42699 18504 24195 18028 19933 476 5640 12388 4262 2655 1607 7793 12140
is_linear=0
shrinkage=0.0844352


Tree=11
num_leaves=10
num_cat=0
split_feature=10 19 17 21 9 9 18 17 26
split_gain=15.0238 13.5638 6.28058 5.01073 4.87745 4.78727 3.36055 2.91336 2.88636
threshold=0.068969471179640723 0.039151056873160874 1.5388801199305735 0.041088140254464396 0.34401897394005443 0.33382930320478515 -0.075261287183010103 0.60178147969007834 0.31677868987480678
decision_type=8 10 10 8 10 10 8 10 10
left_child=8 2 6 -4 5 -3 -2 -6 -1
right_child=1 4 3 -5 7 -7 -8 -9 -10
leaf_value=-0.00066502172864706392 0.00092600295047658425 8.2871145456243933e-05 0.00052881454266373075 -0.0012298844888146286 -0.00095418391052111396 -0.00098558871079871776 -0.00040836962234047576 0.00089743986938413964 -0.00065412452836303753
leaf_weight=38.314691273029894 43.066203527152538 3187.3419018909335 438.43985917046666 33.610912440810353 47.126717624254525 152.03625160735101 2008.9759338691365 1793.2877290146425 9.6266576452180725
leaf_count=258 176 17998 2328 386 219 572 13393 7307 62
internal_value=-1.0833e-06 0.000289617 -0.00478024 0.00395335 0.00276678 0.000831513 -0.00680597 0.00625894 -0.0468419
internal_weight=7751.83 7703.89 2524.09 472.051 5179.79 3339.38 2052.04 1840.41 47.9413
internal_count=42699 42379 16283 2714 26096 18570 13569 7526 320
is_linear=0
shrinkage=0.0844352


Tree=12
num_leaves=11
num_cat=0
split_feature=10 22 17 1 4 27 9 22 34 33
split_gain=14.9826 12.1815 4.33046 4.04126 3.99789 3.55369 3.45359 3.38611 2.55476 0.851445
threshold=0.068969471179640723 0.035878232955597521 1.5870782855459964 0.13263654419066537 0.3311773388012067 0.059700266583603806 0.16222544102815914 0.035595415079282176 -0.03535323287685465 0.039783770259075542
decision_type=8 10 10 2 10 10 10 10 10 8
left_child=8 2 7 5 -5 -3 -4 -2 9 -1
right_child=1 3 6 4 -6 -7 -8 -9 -10 -11
leaf_value=0.0015933501680429414 -0.00035556820246596181 0.0003923046234377301 -0.0009765133412547001 0.00088504354223703605 -0.0012009063842802756 -1.233023018260034e-05 0.00048416399822833622 -0.00081822398054678578 -0.00060857431174075275 -0.00073099961240917955
leaf_weight=5.6338373422622681 1587.7278835310135 395.20824776031077 35.946684882510453 1763.7034918898717 42.793906173668802 3612.1351686641574 240.25659181177616 26.113534431438893 38.899672631174326 3.4078389448113722
leaf_count=12 11557 2532 414 7033 198 19193 1316 136 130 178
internal_value=-3.05728e-05 0.000259723 -0.00562301 0.00217822 0.0054957 0.000673882 0.00406311 -0.0073021 -0.0468068 -0.00221333
internal_weight=7751.83 7703.89 1890.04 5813.84 1806.5 4007.34 276.203 1613.84 47.9413 9.04168
internal_count=42699 42379 13423 28956 7231 21725 1730 11693 320 190
is_linear=0
shrinkage=0.0844352


Tree=13
num_leaves=10
num_cat=0
split_feature=10 9 26 27 5 5 11 9 26
split_gain=14.9078 10.5403 5.20443 4.87656 5.08896 4.8589 3.45445 2.92766 2.88025
threshold=0.068969471179640723 0.22708960308036161 0.56506921924472553 0.33877589933041469 0.16780249833026151 0.064263664751734215 0.32959903151090109 0.23654504063179324 0.31677868987480678
decision_type=8 10 10 10 8 8 10 10 10
left_child=8 3 7 6 -5 -4 -2 -3 -1
right_child=1 2 5 4 -6 -7 -8 -9 -10
leaf_value=-0.00055748543377205759 -0.00010226323994717539 0.00043408925150322772 -0.0009942420296211456 -0.00063398063141348511 -0.00015752369401713756 0.0006484055399098549 -0.0014047888572091703 -6.044472744904823e-05 -0.00054750834041824605
leaf_weight=38.314691273029894 1697.7019361169077 206.48637951351702 116.7225972386077 279.44281908287667 355.4314017011784 1856.2588587738574 11.913208723533897 3179.9283079942688 9.6266576452180725
leaf_count=258 13034 930 570 2302 2702 8963 168 13710 62
internal_value=-0.000140559 0.000148999 0.0022188 -0.00456776 -0.0108968 0.0056659 -0.00219522 0.000200083 -0.0467983
internal_weight=7751.83 7703.89 5359.4 2344.49 634.874 1972.98 1709.62 3386.41 47.9413
internal_count=42699 42379 24173 18206 5004 9533 13202 14640 320
is_linear=0
shrinkage=0.0844352


Tree=14
num_leaves=11
num_cat=0
split_feature=7 22 16 1 26 15 30 18 28 26
split_gain=14.0039 10.116 4.55822 4.13626 4.08732 3.31972 3.16082 4.17334 4.01608 1.07809
threshold=0.10272801034381333 0.036548800853961866 0.83242003464511882 0.11073450134770892 0.56782621870882755 0.64376488205861759 17.805000000000003 -0.0633725579584105 -0.0091499999999999897 0.11828371759020102
decision_type=8 10 10 2 8 10 10 10 10 10
left_child=2 6 -1 5 -5 -3 8 -8 -2 -4
right_child=1 3 9 4 -6 -7 7 -9 -10 -11
leaf_value=-0.00062031374444875833 0.00028188868066880511 -0.00054960961482853428 -0.00039349025851868289 6.7790876455525086e-05 0.00082486827343732766 3.5608575102700957e-05 0.00096269429814346754 -0.00043619820136296867 -0.00030423938252086756 0.00058625908511300909
leaf_weight=37.081918368116021 353.34890863485634 145.56423505116254 6.17672225087881 1345.3235767367296 1465.6832932471298 2791.3642305112444 43.130615716800094 879.28057288518175 676.17065848433413 8.7021261765621585
leaf_count=182 3125 714 60 5603 6211 16110 208 4586 5818 82
internal_value=-0.00015067 0.000141478 -0.0435963 0.00192914 0.00424471 -0.000276291 -0.00510481 -0.0087027 -0.00184604 -0.00162936
internal_weight=7751.83 7699.87 51.9608 5747.94 2811.01 2936.93 1951.93 922.411 1029.52 14.8788
internal_count=42699 42375 324 28638 11814 16824 13737 4794 8943 142
is_linear=0
shrinkage=0.0844352


Tree=15
num_leaves=10
num_cat=0
split_feature=10 22 7 34 19 5 16 26 26
split_gain=14.87 8.12084 4.99536 6.83006 3.97723 3.40326 3.84884 3.28304 2.86886
threshold=0.068969471179640723 0.057518622306235931 0.26195241171238975 0.032758122151732467 0.089722046358251956 0.57287787980242444 0.92563260343197384 0.61385546592354268 0.31677868987480678
decision_type=8 10 10 8 8 10 10 10 10
left_child=8 2 3 -2 -4 7 -7 -3 -1
right_child=1 5 4 -5 -6 6 -8 -9 -10
leaf_value=-0.00045803776299088386 -0.00019148579993446968 0.00025117520192492992 9.9027527287390643e-05 -0.00063486133379117018 -0.0011847430898393094 0.0012451242827650421 -0.00061881083321175742 0.00076946457189506318 -0.00044890308718460514
leaf_weight=38.314691273029894 2388.4719141446985 2072.9306250866503 1572.0284939426929 228.59758215327747 14.846919217146931 84.154106713831425 174.68291660957038 1168.1729512768798 9.6266576452180725
leaf_count=258 14352 9632 7101 3778 130 558 718 6110 62
internal_value=-0.000118047 0.000171138 -0.00232551 -0.00459453 0.00139602 0.00317932 -0.00607827 0.00392979 -0.0467169
internal_weight=7751.83 7703.89 4203.94 2617.07 1586.88 3499.94 258.837 3241.1 47.9413
internal_count=42699 42379 25361 18130 7231 17018 1276 15742 320
is_linear=0
shrinkage=0.0844352


Tree=16
num_leaves=11
num_cat=0
split_feature=10 20 7 11 5 5 16 27 16 21
split_gain=14.7894 6.09934 6.30775 4.83216 3.87587 3.75432 3.23073 2.69069 2.30069 2.73682
threshold=0.068969471179640723 0.055122043500983466 0.47866796020662322 0.61458366486262028 0.56531689048708211 0.55637245478403008 1.2307237106689854 0.40062246880406743 0.83242003464511882 0.040221149757547918
decision_type=8 10 10 8 10 10 10 10 10 10
left_child=8 2 3 -2 -4 6 -3 -7 -1 -10
right_child=1 5 4 -5 -6 7 -8 -9 9 -11
leaf_value=-0.00051704880889026465 -0.0001154905342107673 0.00029729577967159415 0.0010465794003592175 -0.00058952425448477095 -0.00031031572470926284 -0.00056656143691821616 0.0013897657602792949 0.0015286694294819323 0.00053756281440128643 -0.00038269493626735796
leaf_weight=33.185282451100647 4009.2477445243858 2636.9148366749287 222.67153481487185 223.29177806689404 17.340154968202114 200.02336335927248 345.13466972671449 49.261427009478211 8.04778756899759 6.7082788981497279
leaf_count=162 22520 12618 885 2810 94 984 2168 300 136 22
internal_value=-0.000220726 6.76612e-05 -0.00194725 -0.00270917 0.0113258 0.00286662 0.00370631 -0.00703109 -0.0466916 -0.0150153
internal_weight=7751.83 7703.89 4472.55 4232.54 240.012 3231.33 2982.05 249.285 47.9413 14.7561
internal_count=42699 42379 26309 25330 979 16070 14786 1284 320 158
is_linear=0
shrinkage=0.0844352


Tree=17
num_leaves=12
num_cat=0
split_feature=8 9 28 23 26 34 34 11 28 16 30
split_gain=13.4706 6.63016 5.57897 5.07436 4.97563 4.67571 4.57852 4.45513 2.74264 0.76 0.543281
threshold=0.11120575348140972 0.36869615486372326 0.048749999999999995 0.021808305437974993 0.24473006332045175 0.0049991921924849034 -0.013252614868770605 0.5927629613600921 0.001199999999999993 0.94186997197422329 16.440000000000005
decision_type=8 10 10 10 8 10 10 10 8 10 10
left_child=2 3 9 6 5 -3 -2 -5 -6 -1 -11
right_child=1 4 -4 7 8 -7 -8 -9 -10 10 -12
leaf_value=-0.00037570616506086771 -6.7849787920936009e-05 -9.0374819124512277e-05 0.00023490029798806889 7.2040826264285771e-06 0.00021775914393501908 -0.00031437443926525093 -0.00047240200201609082 -0.001152297805297266 0.0012724206556579951 -0.00035038202525902365 0.00023889621734070094
leaf_weight=38.644622660242021 544.54052231297828 62.487682201899588 8.9978824369609338 4982.0424961987883 721.87713693175465 27.720959952101111 464.06004907563329 38.365774314384907 857.26066052075475 2.8919763234443954 2.9370951340533793
leaf_count=192 6558 406 46 26669 3061 76 1626 262 3393 34 376
internal_value=-0.00020546 8.51662e-05 -0.0422112 -0.00121441 0.0047973 -0.0143239 -0.00667827 -0.000109488 0.00591539 -0.054531 -0.0153083
internal_weight=7751.83 7698.36 53.4716 6029.01 1669.35 90.2086 1008.6 5020.41 1579.14 44.4737 5.82907
internal_count=42699 42051 648 35115 6936 482 8184 26931 6454 602 410
is_linear=0
shrinkage=0.0844352


Tree=18
num_leaves=10
num_cat=0
split_feature=10 19 17 8 7 34 19 28 26
split_gain=14.7879 5.90787 4.5753 3.88053 5.39836 3.48374 3.41958 2.99969 2.86886
threshold=0.068969471179640723 0.039151056873160874 1.5388801199305735 0.38928300916400488 0.42116941701210248 -0.014128325549150554 0.037819857644321116 0.0015000000000000154 0.31677868987480678
decision_type=8 10 10 10 10 8 8 10 10
left_child=8 2 5 4 -3 -2 -4 -5 -1
right_child=1 3 6 7 -6 -7 -8 -9 -10
leaf_value=-0.00034398335211930059 -8.2873643836420868e-05 4.2815396648750509e-05 0.00045976533219368608 0.00019937261416314977 -0.00097464823846385678 -0.00038176866541503936 -0.0011951974026463868 0.001249603665272538 -0.00033561996419390468
leaf_weight=38.314691273029894 976.15326680988073 3647.4746432853863 426.93455709796399 733.73153893975541 51.210283507127315 1075.8888705864083 45.116214513313025 747.37613440491259 9.6266576452180725
leaf_count=258 7088 20254 2496 2958 200 6481 218 2684 62
internal_value=-0.000248883 3.9488e-05 -0.00330522 0.00167592 0.000203928 -0.00503652 0.00414786 0.00532802 -0.0467169
internal_weight=7751.83 7703.89 2524.09 5179.79 3698.68 2052.04 472.051 1481.11 47.9413
internal_count=42699 42379 16283 26096 20454 13569 2714 5642 320
is_linear=0
shrinkage=0.0844352


Tree=19
num_leaves=11
num_cat=0
split_feature=10 22 5 26 8 26 35 26 24 35
split_gain=14.1254 5.68341 3.85943 4.65155 3.26624 3.20331 4.02053 2.71896 2.02356 0.0295996
threshold=0.068969471179640723 0.035878232955597521 0.7841774688550659 0.33217759259471241 0.38928300916400488 0.15422914181601297 4.8265521577809958 0.31677868987480678 10.500000000000002 3.6172491701467462
decision_type=8 10 10 10 10 8 2 10 2 2
left_child=7 5 4 -4 -3 8 -7 9 -2 -1
right_child=1 2 3 -5 -6 6 -8 -9 -10 -11
leaf_value=-0.00031464286427816646 -0.0001486345579646991 2.1309120460008852e-05 -0.0008548726494177017 4.6093781343942503e-05 0.00053066539898414644 -0.00033463363319406763 3.618215805183517e-05 -0.00030728183633312332 0.001041860593287194 -0.00042483874680141913
leaf_weight=8.354287379421292 61.591771173058078 4217.8166726161726 27.922581665217876 16.648470912128687 1551.4530892944895 1191.8051067616325 540.49241644586436 9.6266576452180725 96.155400276184082 29.9604038936086
leaf_count=70 1084 22766 128 118 5944 8613 3550 62 176 188
internal_value=-0.000214981 6.67604e-05 0.00137862 -0.0231656 0.00157627 -0.00395025 -0.00501108 -0.0456307 0.00746605 -0.0556341
internal_weight=7751.83 7703.89 5813.84 44.5711 5769.27 1890.04 1732.3 47.9413 157.747 38.3147
internal_count=42699 42379 28956 246 28710 13423 12163 320 1260 258
is_linear=0
shrinkage=0.0844352


Tree=20
num_leaves=11
num_cat=0
split_feature=10 22 15 5 18 9 21 28 30 10
split_gain=11.4843 5.14126 3.80864 5.27599 3.44805 3.44346 3.03351 3.59172 2.62134 0.264879
threshold=0.068969471179640723 0.023634242911373841 0.64376488205861759 0.057075668071117407 -0.0022536836382593957 0.36869615486372326 0.004853560986768618 -0.0073500000000000223 17.745000000000001 0.038730498312156268
decision_type=8 10 10 8 10 10 8 8 10 10
left_child=4 6 3 -3 -1 -4 7 -2 -8 -6
right_child=1 2 5 -5 9 -7 8 -9 -10 -11
leaf_value=-0.00017933999992674463 0.0011651834869793 -0.0005375027739375702 2.9018689570793831e-06 -0.00024054576412584861 -0.0002880759413604174 0.00056475011072948562 7.7316856626966481e-05 -0.00063878885905595912 -0.00031275986899985593 -0.00021145022936050334
leaf_weight=11.918034636415539 10.704307094216345 47.886619968805462 5110.1961204744875 267.741305321455 26.547972690314054 1594.7607008563355 281.17328282236122 33.611358938738704 357.8118136683479 9.4753415915183705
leaf_count=94 92 208 27592 1388 118 6385 4564 184 1966 108
internal_value=-0.000214649 3.89696e-05 0.000723933 -0.00831905 -0.0411649 0.00115523 -0.006945 -0.0283436 -0.0053849 -0.0540175
internal_weight=7751.83 7703.89 7020.58 315.628 47.9413 6704.96 683.301 44.3157 638.985 36.0233
internal_count=42699 42379 35573 1596 320 33977 6806 276 6530 226
is_linear=0
shrinkage=0.0844352


Tree=21
num_leaves=12
num_cat=0
split_feature=8 19 4 19 17 21 26 2 34 5 27
split_gain=11.0089 4.71206 4.64282 3.62915 3.47168 4.89956 3.3738 3.26752 2.67881 1.14044 0.790539
threshold=0.11120575348140972 0.039151056873160874 0.3311773388012067 0.05441120788385128 1.5388801199305735 0.041088140254464396 0.28229362949591968 0.17001895074545262 -0.014128325549150554 0.21192433894489798 -1.0000000180025095e-35
decision_type=8 10 8 10 10 8 10 2 8 10 8
left_child=6 4 7 -4 8 -6 10 -3 -2 -8 -1
right_child=1 2 3 -5 5 -7 9 -9 -10 -11 -12
leaf_value=-0.00015405001467876672 -4.9863708290242782e-05 4.1224342966862806e-05 -0.00077842125430147892 -0.0002508948555581194 0.00042742364986539464 -0.0010662708828267911 -0.00025701270270839412 0.00058263284698327142 -0.00031808886763230905 0.00057326582989088279 -0.00037111358058197264
leaf_weight=10.157660755794494 975.98848577216268 3258.5597802791744 92.06016708444804 170.45482647325844 438.37237834557891 33.550107060931623 3.5601142095401874 1653.3110713548958 1076.0584651378449 9.423621026799081 30.330180562566966
leaf_count=56 7074 17729 468 1014 2322 362 130 6747 6335 88 374
internal_value=-0.000205701 5.66192e-05 0.00151976 -0.00938533 -0.00292952 0.00355843 -0.0381796 0.00211035 -0.00443829 0 -0.0500423
internal_weight=7751.83 7698.36 5174.39 262.515 2523.97 471.922 53.4716 4911.87 2052.05 12.9837 40.4878
internal_count=42699 42051 25958 1482 16093 2684 648 24476 13409 218 430
is_linear=0
shrinkage=0.0844352


Tree=22
num_leaves=11
num_cat=0
split_feature=10 12 34 21 5 24 18 5 23 10
split_gain=11.4834 4.10567 5.08272 6.61539 3.73865 3.78479 3.45924 3.25688 2.74385 0.270538
threshold=0.068969471179640723 0.026339809867670285 0.025921503350239686 0.032191958619562387 0.54871091415209083 11.500000000000002 -0.0022536836382593957 0.2378390034026629 0.023929391170511603 0.038730498312156268
decision_type=8 10 10 8 10 2 10 8 8 10
left_child=6 2 7 -4 5 -3 -1 -2 -6 -8
right_child=1 4 3 -5 8 -7 9 -9 -10 -11
leaf_value=-0.00013286235970845088 -0.00025222589090726372 4.9647182640043727e-06 -0.00069150505769414246 0.00016100327156255784 3.1674000546205254e-05 0.00026761987237546231 -0.00023531179213029884 0.00026244511439655265 -0.00032877793190242669 -0.00016226135654459457
leaf_weight=11.918034636415539 633.1010299641639 3816.9481047173031 69.681529898196459 47.369800262153149 133.82630814984441 2005.5761591345072 26.547972690314054 497.15137305646203 500.23120396211743 9.4753415915183705
leaf_count=94 6361 25817 210 146 718 2906 118 3891 2330 108
internal_value=-0.000173212 8.03974e-05 -0.00434856 -0.0210925 0.000941431 0.00161638 -0.0411225 -0.00257535 -0.00520035 -0.0539949
internal_weight=7751.83 7703.89 1247.3 117.051 6456.58 5822.52 47.9413 1130.25 634.058 36.0233
internal_count=42699 42379 10608 356 31771 28723 320 10252 3048 226
is_linear=0
shrinkage=0.0844352


Tree=23
num_leaves=11
num_cat=0
split_feature=10 22 11 9 8 30 24 18 18 35
split_gain=9.80924 4.18588 3.75147 3.6252 3.34087 3.16403 2.97757 2.93185 2.8966 0.331848
threshold=0.068969471179640723 0.072324114754525007 0.67686483348870874 0.42740584777542728 0.3957482674693677 16.725000000000005 11.500000000000002 -0.0022536836382593957 -0.10782978983023271 4.1360461665749888
decision_type=8 10 8 8 8 10 2 10 8 2
left_child=7 2 6 -4 5 -3 -2 -1 -6 -9
right_child=1 4 3 -5 8 -7 -8 9 -10 -11
leaf_value=-0.00012164410412479931 -0.00013047908263073341 0.00051999835484775863 -0.0012094656645807306 -0.00035777977432567153 -0.0003884648778549865 -0.0001428413104004069 6.5484192205110523e-05 -0.00021254857316373971 0.00097981034797275783 -0.00032607797847668111
leaf_weight=11.918034636415539 3271.0255334163085 404.96997886104509 45.506586476229131 273.23931977222674 79.351778356358409 923.15212669456378 1762.8198577351868 9.5495367394760233 943.82032783282921 26.473777542356402
leaf_count=94 25341 3707 244 3031 230 3944 2556 76 3326 150
internal_value=-0.000141118 9.29527e-05 -0.00120708 -0.0100888 0.00306604 0.000246047 -0.000637025 -0.0379883 0.00669201 -0.0498402
internal_weight=7751.83 7703.89 5352.59 318.746 2351.29 1328.12 5033.85 47.9413 1023.17 36.0233
internal_count=42699 42379 31172 3275 11207 7651 27897 320 3556 226
is_linear=0
shrinkage=0.0844352


Tree=24
num_leaves=11
num_cat=0
split_feature=8 18 22 17 5 24 26 18 7 27
split_gain=9.52961 5.81625 3.5806 4.08982 6.15099 3.31065 2.95003 6.84179 2.56045 0.804346
threshold=0.11120575348140972 -0.0029558470756310125 0.072324114754525007 0.61983532321133561 0.057075668071117407 11.500000000000002 0.37416355452295552 -0.0083016954096256628 0.15824478298565756 -1.0000000180025095e-35
decision_type=8 10 10 10 8 2 8 8 8 8
left_child=1 -1 3 4 -2 -5 7 -4 -8 -3
right_child=2 9 6 5 -6 -7 8 -9 -10 -11
leaf_value=5.7789950550731001e-05 -0.00054011551018709751 -0.00015879490460016241 -0.00089777427436871053 -0.00012285177771969127 -0.00010919703643199844 9.4012687009656717e-05 -0.0014714242966644309 0.0007363738150968995 0.00045596840925722642 -0.00028633138426964867
leaf_weight=11.939453061670063 59.566348341759294 7.6115359752438962 191.42790043866262 3318.4238855633885 217.62884533335455 1754.6727240383625 13.862798158079384 234.64727043826133 1908.1255091964267 33.920587517786771
leaf_count=208 524 60 962 25320 2475 2553 138 1380 8699 380
internal_value=-1.71258e-05 -0.0353507 0.000226643 -0.000975052 -0.0109558 -0.000421995 0.00297847 -0.00333061 0.00439487 -0.0503067
internal_weight=7751.83 53.4716 7698.36 5350.29 277.195 5073.1 2348.06 426.075 1921.99 41.5321
internal_count=42699 648 42051 30872 2999 27873 11179 2342 8837 440
is_linear=0
shrinkage=0.0844352


Tree=25
num_leaves=10
num_cat=0
split_feature=10 27 23 16 38 5 8 26 12
split_gain=9.80189 4.52787 3.55502 5.98756 4.11378 2.9138 3.75504 3.59268 2.84538
threshold=0.068969471179640723 -1.0000000180025095e-35 0.014659548358646081 1.170844702384501 2.5000000000000004 0.1057419599714932 0.15589474655301649 0.56782621870882755 0.027775067700982776
decision_type=8 10 10 10 2 8 10 10 8
left_child=1 -1 3 8 -5 6 -4 -7 -2
right_child=2 -3 5 4 -6 7 -8 -9 -10
leaf_value=-3.6788458887918767e-05 -0.00053317779743675933 -0.00026215494590586911 -0.000443818357479997 -0.00054977245930533814 -0.00028910386961232413 -3.1215501885756474e-06 -0.00011567549440416743 0.00032200752483998362 0.00018085361773257155
leaf_weight=15.416148841381071 94.481888927984983 32.525200076866895 97.878296855371445 60.557295076549053 38.847736080177128 3956.3422278026119 1275.4614111026749 2012.6738111251034 167.64284217427485
leaf_count=64 908 256 830 120 1198 18311 5775 12241 2996
internal_value=-0.000140897 -0.0379739 9.30846e-05 -0.00806879 -0.0256665 0.000500075 -0.00299852 0.00131078 -0.00122751
internal_weight=7751.83 47.9413 7703.89 361.53 99.405 7342.36 1373.34 5969.02 262.125
internal_count=42699 320 42379 5222 1318 37157 6605 30552 3904
is_linear=0
shrinkage=0.0844352


Tree=26
num_leaves=10
num_cat=0
split_feature=10 27 9 11 28 39 31 35 19
split_gain=8.94646 4.14284 3.03063 5.70348 3.59446 3.54204 3.01085 2.81351 2.61329
threshold=0.068969471179640723 -1.0000000180025095e-35 0.38476794662179181 0.5927629613600921 0.001199999999999993 2.5000000000000004 6.0349999999999993 5.3006645984190746 0.012004205911449907
decision_type=8 10 10 10 8 2 10 2 10
left_child=1 -1 3 8 5 -4 -6 -5 -2
right_child=2 -3 4 7 6 -7 -8 -9 -10
leaf_value=-3.3682219203188248e-05 -0.00049249496784160667 -0.00024001984916256381 0.0003536474234923747 -0.0010967076496923136 0.0012913448536894228 -0.00032809979804781044 -0.0018043941844619027 0.0028068572210543444 -5.6528272403420286e-06
leaf_weight=15.416148841381071 154.84225129964761 32.525200076866895 388.8850993392989 54.64425847446546 701.55538238026202 308.33517158497125 49.897099763154984 10.589905440807341 6035.1363408621401
leaf_count=64 3714 256 1682 322 2779 1333 204 48 32297
internal_value=-0.00018761 -0.0363311 3.57352e-05 -0.000765926 0.00351896 -0.00080483 0.0075722 -0.0255012 -0.000497545
internal_weight=7751.83 47.9413 7703.89 6255.21 1448.67 697.22 751.452 65.2342 6189.98
internal_count=42699 320 42379 36381 5998 3015 2983 370 36011
is_linear=0
shrinkage=0.0844352


Tree=27
num_leaves=10
num_cat=0
split_feature=10 27 34 16 21 5 9 10 24
split_gain=8.91229 4.14284 3.59966 3.66857 4.56287 4.21598 3.44599 3.10893 2.66341
threshold=0.068969471179640723 -1.0000000180025095e-35 -0.010894677326784062 1.2307237106689854 0.004853560986768618 0.18653668047128655 0.28994987796378885 0.27421766319796886 10.500000000000002
decision_type=8 10 8 10 10 8 10 10 2
left_child=1 -1 6 5 -5 -4 7 -2 -8
right_child=2 -3 3 4 -6 -7 8 -9 -10
leaf_value=-3.0838255386234382e-05 5.2510363033425889e-05 -0.00021975373301827953 -0.00033366807430481221 -0.00050603208356788667 0.00034941651894482533 -1.8485609518666609e-06 0.00013544485551055834 -0.00021729966077403665 0.00076416046824860195
leaf_weight=15.416148841381071 2100.3945701825432 32.525200076866895 1250.2945986210834 23.271993085741997 666.52529026009142 1284.7968193590641 814.38855738844723 706.95169019792229 857.26199004985392
leaf_count=64 14032 256 5114 2384 2256 5449 6998 4524 1622
internal_value=-0.0002569 -0.0363311 -2.5403e-05 -0.00218036 0.0032518 -0.00367189 0.00151887 -0.000277416 0.00455435
internal_weight=7751.83 47.9413 7703.89 3224.89 689.797 2535.09 4479 2807.35 1671.65
internal_count=42699 320 42379 15203 4640 10563 27176 18556 8620
is_linear=0
shrinkage=0.0844352


Tree=28
num_leaves=9
num_cat=0
split_feature=10 27 22 27 19 17 28 35
split_gain=8.75458 4.05588 2.79306 2.54539 2.78293 2.20647 4.7398 3.46789
threshold=0.068969471179640723 -1.0000000180025095e-35 0.10327529498474107 0.99940529634969388 0.17250404891309726 1.2161103862464462 0.032800000000000017 5.8729903147782041
decision_type=8 10 8 10 10 10 10 2
left_child=1 -1 5 4 -4 7 -7 -2
right_child=2 -3 3 -5 -6 6 -8 -9
leaf_value=-2.8234422130255479e-05 -0.00014411791426109674 -0.00020119878978326348 0.00099556692463895939 -0.0012043456441227357 -0.00069450459567957953 -9.0738137671387607e-05 0.00057573699072916394 0.00050555885053733427
leaf_weight=15.416148841381071 3200.1040265825577 32.525200076866895 816.68339644768275 28.311925553716719 183.07188629778102 2478.4473570315167 774.83641672227532 222.43050050921738
leaf_count=64 17126 256 5749 96 842 13503 3966 1097
internal_value=-0.000196075 -0.0359497 2.48155e-05 0.00412449 0.00486269 -0.000601879 0.000965551 -0.00210137
internal_weight=7751.83 47.9413 7703.89 1028.07 999.755 6675.82 3253.28 3422.53
internal_count=42699 320 42379 6687 6591 35692 17469 18223
is_linear=0
shrinkage=0.0844352


Tree=29
num_leaves=12
num_cat=0
split_feature=10 16 22 26 16 26 26 33 30 35 35
split_gain=6.42063 3.31564 2.20821 4.53279 5.39817 3.47541 2.02948 2.29729 1.84826 0.655849 0.512698
threshold=0.068969471179640723 0.83242003464511882 0.10327529498474107 0.94585949048102447 1.0271858372492733 0.38631444940558163 0.92657301243562562 0.035454505799631837 18.915000000000003 4.5227663361499504 4.1789154372852098
decision_type=8 10 10 10 8 8 10 10 8 2 2
left_child=1 10 6 5 -5 -4 8 -8 -2 -3 -1
right_child=2 9 3 4 -6 -7 7 -9 -10 -11 -12
leaf_value=-9.2481150824029194e-05 9.5044327743198046e-06 -5.070117279560061e-05 -0.00030778186996191818 0.0012359251943488009 -0.0028161143248980175 0.0012214569787402608 0.0012997105129997331 -0.00024210056038454967 -0.00013270555878779322 1.2540663981817741e-05 -0.00029447318699364454
leaf_weight=14.26593809854239 4373.6136369435117 5.6707550417631856 164.3905341620557 28.778393175452948 33.370575020089746 784.86763079185039 108.79236402083188 76.990301289595664 2133.0820737413596 9.0853114253841323 18.919344352558255
leaf_count=86 24045 62 974 146 138 3437 611 936 12092 96 76
internal_value=-0.000123303 -0.0307433 6.52523e-05 0.00374507 -0.0181255 0.00522195 -0.000486199 0.00818694 -0.000739628 0.000460389 -0.0453674
internal_weight=7751.83 47.9413 7703.89 1011.41 62.149 949.258 6692.48 185.783 6506.7 14.7561 33.1853
internal_count=42699 320 42379 4695 284 4411 37684 1547 36137 158 162
is_linear=0
shrinkage=0.0844352


Tree=30
num_leaves=9
num_cat=0
split_feature=10 27 23 20 27 12 7 5
split_gain=3.77993 2.51552 4.62812 3.35587 2.72871 5.03097 2.6633 1.95027
threshold=0.038730498312156268 0.06461171493932466 0.15261400547396411 0.021761102040400691 0.092900933707985037 0.10247349430473508 0.47227486944958985 0.41655506624095706
decision_type=8 10 10 8 10 10 10 10
left_child=7 2 3 -2 5 -3 -6 -1
right_child=1 4 -4 -5 6 -7 -8 -9
leaf_value=-4.44319545314794e-05 -0.00032618815800830163 -0.00020369910254966025 -0.0023605889483864109 0.00036547125480875133 -5.149456896245406e-05 -0.0018480815803147651 0.00041277901072877312 -0.00027914737006163839
leaf_weight=18.877128810621798 93.005020930897444 382.02272213506512 11.433761890977619 679.24337685806677 5821.6921316403896 12.946223271545021 716.16685535898432 16.439637166447937
leaf_count=94 770 2169 133 4376 32471 28 2592 66
internal_value=-3.02453e-06 0.000119864 0.00465561 0.00549906 -0.000388432 -0.00719867 1.85365e-05 -0.027343
internal_weight=7751.83 7716.51 783.682 772.248 6932.83 394.969 6537.86 35.3168
internal_count=42699 42539 5279 5146 37260 2197 35063 160
is_linear=0
shrinkage=0.0844352


Tree=31
num_leaves=10
num_cat=0
split_feature=10 26 5 30 16 10 8 28 5
split_gain=3.50534 2.26086 5.21857 4.849 4.3008 3.24106 8.05338 3.29268 1.76013
threshold=0.038730498312156268 0.56782621870882755 0.064263664751734215 23.335000000000004 1.2307237106689854 0.46309794781788954 0.31382668257695406 0.0009500000000000065 0.41655506624095706
decision_type=8 10 8 8 10 10 10 10 10
left_child=8 5 3 -3 -4 7 -7 -2 -1
right_child=1 2 4 -5 -6 6 -8 -9 -10
leaf_value=-4.068033501253438e-05 9.8673190228759186e-05 -0.00032028856632023881 9.2842048612280342e-05 -0.0011667573380023573 0.00072090240730007652 -0.0012307910252859296 -0.00016960209860664236 -9.7594040213979351e-05 -0.00025557751514014375
leaf_weight=18.877128810621798 2426.0984349607024 117.57321973983198 1789.3342824648134 40.958177544176579 412.86157498555258 40.074684447143227 551.22981648426503 2338.3799014594406 16.439637166447937
leaf_count=94 13705 846 11701 138 1958 218 2199 11774 66
internal_value=-0.000101511 1.66628e-05 0.00219745 -0.0125281 0.00327554 -0.000938546 -0.00683306 -0.000199316 -0.0264264
internal_weight=7751.83 7716.51 2360.73 158.531 2202.2 5355.78 591.305 4764.48 35.3168
internal_count=42699 42539 14643 984 13659 27896 2417 25479 160
is_linear=0
shrinkage=0.0844352


Tree=32
num_leaves=16
num_cat=0
split_feature=34 9 24 19 18 31 31 35 16 17 23 26 5 18 30
split_gain=2.87834 4.12153 3.09712 3.00567 6.33829 2.71619 2.64172 4.70447 3.98337 2.48806 1.83522 1.05073 0.966155 0.948153 0.0834892
threshold=-0.04734180047292446 0.13118169735344087 10.500000000000002 0.03885807790379394 0.01307534314448733 3.4950000000000006 3.4850000000000008 4.8885805282412882 1.4755882904855664 0.9417302699993505 0.028636386921518268 0.79813712826577621 0.044689585431299604 0.0021374007483285777 19.225000000000005
decision_type=8 8 2 10 10 8 10 2 10 10 10 8 10 10 10
left_child=2 5 9 4 -4 13 8 -8 -3 10 -1 -5 -11 -2 -7
right_child=1 6 3 11 -6 14 7 -9 -10 12 -12 -13 -14 -15 -16
leaf_value=0.00028483228642178765 -0.00028144452944469853 -7.935558029752725e-05 0.0012044366032093368 0.00095322449279823876 -0.00055239442212355345 6.9011195395511017e-05 -1.9272547746404129e-05 0.00033261439086151911 -0.00067250803931331155 -0.00053752553532264338 -0.00082499749108298965 0.0010696904547789691 0.00028972785040468128 -0.00017554432373886799 8.6206278143970036e-05
leaf_weight=48.221795804798603 33.8683987618424 4701.422179087298 61.356848835945129 221.06635916233063 58.825533093884587 4.8981646844185871 1164.6324039082974 560.35779518634081 83.870703243184835 46.759126242250204 93.284596199635416 46.494580149650574 608.16570031968877 11.387404227629302 7.2152691558003426
leaf_count=786 158 21493 90 336 80 1748 3598 1552 928 792 1604 58 9374 74 28
internal_value=-0.000144238 -0.000839284 0.00368124 0.00986974 -0.000965347 -0.0232739 -0.000634456 0.00218969 -0.00165955 0.000621884 -0.00945426 0.0148515 0.00285586 -0.032871 0.0098394
internal_weight=7751.83 6567.65 1184.17 387.743 120.182 57.3692 6510.28 1724.99 4785.29 796.431 141.506 267.561 654.925 45.2558 12.1134
internal_count=42699 29579 13120 564 170 2008 27571 5150 22421 12556 2390 394 10166 232 1776
is_linear=0
shrinkage=0.0844352


Tree=33
num_leaves=12
num_cat=0
split_feature=16 34 21 8 16 9 10 18 18 28 18
split_gain=3.39667 2.65352 3.09188 5.53694 2.82803 2.54087 2.51513 2.42499 1.64499 1.25462 1.19881
threshold=0.53647316573344628 -0.010894677326784062 0.0064363572914823983 0.22110750557359712 1.2307237106689854 0.2964833645067983 0.27823159359553212 -0.014161152088489335 0.0015173750237783559 0.019050000000000001 0.0042348227650018675
decision_type=8 8 8 8 10 10 10 10 10 10 10
left_child=7 5 3 -3 -4 6 -2 -1 -7 10 -9
right_child=1 2 4 -5 -6 8 -8 9 -10 -11 -12
leaf_value=0.0019002488252015351 2.6264978551937409e-05 -0.00057452629623167331 -0.00013494531156123957 0.00043954652457393103 0.00017645772307142688 0.00018578490870366983 -0.00017427345752509197 -0.00072360824964784291 0.0007722241318757761 -9.5698250368218038e-05 -0.0011182343401673364
leaf_weight=8.9550870060920698 2207.0484352861531 34.89367974922061 2493.6363624788355 29.797923728823662 670.08809287240729 852.23683761712164 725.36862225923687 18.812616756185893 689.55576355755329 10.010828852653502 11.422607898712156
leaf_count=56 14628 116 10355 154 4682 4003 4570 108 3877 54 96
internal_value=-0.000182747 -3.6361e-05 -0.00188527 -0.0201171 -0.0014984 0.00129042 -0.000157893 -0.0221686 0.0040655 -0.0312107 -0.0397495
internal_weight=7751.83 7702.63 3228.42 64.6916 3163.72 4474.21 2932.42 49.2011 1541.79 40.2461 30.2352
internal_count=42699 42385 15307 270 15037 27078 19198 314 7880 258 204
is_linear=0
shrinkage=0.0844352


Tree=34
num_leaves=16
num_cat=0
split_feature=5 17 28 19 20 14 28 28 8 5 31 23 18 27 28
split_gain=2.39159 4.42499 5.12359 4.10444 2.92239 3.11705 2.53578 2.32872 3.8171 2.27604 2.22943 3.7276 3.29976 1.86126 0.00332269
threshold=0.07574089087242146 0.61983532321133561 -0.0073500000000000223 0.058453824678801357 0.0043293110106885089 1.3767627384521905 0.043600000000000007 -0.0080499999999999999 0.55064717176847866 0.057075668071117407 3.4850000000000008 0.061773786191841658 -0.15392838531973499 0.32716568942702468 -0.017199999999999962
decision_type=8 10 10 8 10 10 10 8 10 10 10 10 8 10 8
left_child=1 2 13 -4 5 14 -7 9 -9 -3 12 -12 -6 -1 -2
right_child=4 7 3 -5 10 6 -8 8 -10 -11 11 -13 -14 -15 -16
leaf_value=0.00048748173842894901 0.0013528005183891902 0.00033584916487455627 -0.00046058102701861136 5.1558351375048811e-05 -9.74663549730016e-05 -0.00049273351268905676 0.0038366787489175053 -0.00012886053201546939 -0.0016001892733407983 -0.00056047159435366806 0.00023109122474188382 -0.00010061878494436561 -1.4419115115949776e-05 -0.00017952735861475163 0.0025387703045417183
leaf_weight=19.773564075585455 0.45382401067763567 223.29043544782326 38.318461158312857 8.3799310675822181 15.875713023357093 30.798258519731462 5.8878295738250008 544.32496683252975 33.750250476412475 43.746175941079855 1038.5194877227768 537.47621325030923 5183.1771477661096 17.101240271469578 10.953358925413337
leaf_count=212 198 1383 118 226 86 582 138 3052 138 265 4064 1484 29340 145 1268
internal_value=-0.000141579 -0.0041633 -0.022673 -0.0410807 0.000401271 -0.0201963 -0.0323727 -0.0022795 -0.0053156 0.00416671 0.00055408 0.00333706 -0.000283448 3.08035e-05 0.0158769
internal_weight=7751.83 928.685 83.5732 46.6984 6823.14 48.0933 36.6861 845.112 578.075 267.037 6775.05 1576 5199.05 36.8748 11.4072
internal_count=42699 5539 701 344 37160 2186 720 4838 3190 1648 34974 5548 29426 357 1466
is_linear=0
shrinkage=0.0844352


Tree=35
num_leaves=16
num_cat=0
split_feature=34 27 27 12 23 8 28 26 16 26 28 9 12 35 34
split_gain=2.14799 3.63783 4.91891 6.8603 3.45819 2.85752 2.51633 2.49811 2.41095 2.72307 3.19926 2.60387 3.77333 1.79351 1.03731
threshold=-0.010894677326784062 0.14221392394769156 0.046769077859861008 0.042519017622609054 0.11340839990570524 0.35637149332396711 -0.013499999999999996 0.94585949048102447 0.76701362966297282 0.43112502032013628 0.012899999999999941 0.2964833645067983 0.080275208358317043 5.4419197395728665 -0.038273857152054551
decision_type=10 8 10 10 10 10 10 8 8 10 10 10 10 2 10
left_child=8 2 5 -4 6 -2 -3 -6 9 10 -1 12 -10 -13 -11
right_child=1 4 3 -5 7 -7 -8 -9 11 14 -12 13 -14 -15 -16
leaf_value=-0.00052372271433954553 -6.1510474391855699e-05 -0.00022287685890294532 -0.00014860278702429755 -0.00096976590640700071 0.0025176364786168412 0.00096204452831668251 4.36151458389264e-05 -0.0032504949084039055 1.9310303363046878e-05 0.00039976031371548039 0.00029196612667397952 0.00048038500891188967 -0.0005808319596426006 0.00092907198421662374 -0.00024463139243098716
leaf_weight=182.02593313716352 127.29038561880589 757.34454093221575 170.1329580526799 197.33785797283053 146.97005318105221 76.800036445260048 1510.8414222113788 20.92640071734786 2811.6844280275982 125.99960449058563 53.753274318762124 1167.1325361197814 158.57420319132507 133.0757810305804 111.93744261562824
leaf_count=1214 324 3280 564 450 436 116 4974 69 21776 1141 348 5895 1074 374 664
internal_value=-0.000102349 -0.00187126 -0.00793344 -0.0137775 -0.000433812 0.00243668 -0.00131347 0.0112173 0.0010122 -0.00468107 -0.0111183 0.00165204 0.000260537 0.00480389 0.0015707
internal_weight=7751.83 3007.64 571.561 367.471 2436.08 204.09 2268.19 167.896 4744.18 473.716 235.779 4270.47 2970.26 1300.21 237.937
internal_count=42699 10213 1454 1014 8759 440 8254 505 32486 3367 1562 29119 22850 6269 1805
is_linear=0
shrinkage=0.0844352


Tree=36
num_leaves=12
num_cat=0
split_feature=15 27 17 5 33 9 12 16 10 17 13
split_gain=1.93816 2.38404 1.88514 3.7447 3.08576 2.07626 2.81046 2.64941 1.39936 1.02435 0.591633
threshold=0.61574885842428795 1.0001037344398342 0.60178147969007834 0.097866522206148776 0.072213213775693466 0.36693469645377746 0.093715446363681995 1.2307237106689854 0.96680443366650837 0.68686720128259726 1.4092845805011358
decision_type=8 10 8 10 10 10 10 10 10 10 10
left_child=1 8 3 10 -5 6 -4 -7 9 -1 -2
right_child=2 -3 5 4 -6 7 -8 -9 -10 -11 -12
leaf_value=0.00051634272349993784 -0.0019995212584702528 -0.00083694049146329291 2.4958535195033893e-06 8.3277468871684556e-05 -0.00056746765307639677 0.00016086849905332229 -0.00037384845005772484 0.0014767844123840146 -0.0014135572741722235 -0.0003594702650663194 -0.00026841358212361093
leaf_weight=19.100650067441165 16.687537446618084 14.562878478318451 5390.756760001881 66.015872659161687 20.604795593768358 1351.1657171938568 523.21061649639159 274.3335293866694 8.4883019402623159 51.593726594932377 15.306472203694282
leaf_count=116 47 78 32129 284 152 5732 2822 819 62 384 74
internal_value=-3.40473e-05 -0.0120667 0.000109834 -0.0104186 -0.000841873 0.000280646 -0.000449161 0.00295541 -0.00566716 -0.00116564 -0.0348554
internal_weight=7751.83 93.7456 7658.08 118.615 86.6207 7539.47 5913.97 1625.5 79.1827 70.6944 31.994
internal_count=42699 640 42059 557 436 41502 34951 6551 562 500 121
is_linear=0
shrinkage=0.0844352


Tree=37
num_leaves=15
num_cat=0
split_feature=19 17 20 21 5 35 20 16 24 16 17 24 27 16
split_gain=2.04858 4.06473 2.43867 2.77048 2.06548 4.68746 3.70112 3.14004 2.03241 4.34907 3.02757 1.96123 0.904025 0.591222
threshold=0.012004205911449907 0.81569444832357141 0.0084758533227433114 0.0053490699101557656 0.07574089087242146 4.6674405017815657 0.061196480970747459 0.90806994605129143 11.500000000000002 1.2244244831259219 3.6204310233245289 9.5000000000000018 0.69362701594938991 1.1236967239336104
decision_type=10 8 8 8 8 2 10 8 2 10 10 2 10 10
left_child=1 11 12 -4 5 6 -2 -7 10 -10 -6 13 -3 -1
right_child=4 2 3 -5 8 7 -8 -9 9 -11 -12 -13 -14 -15
leaf_value=4.2168045237367007e-05 -0.00033764810920603356 0.00094813168357200039 -0.00076396419980402544 -1.1647230460448506e-05 -1.5011120096147085e-05 -0.00022873993938703452 8.1497597964839112e-05 0.00077398109579546116 4.7634804445338879e-05 0.00040030741260333732 -0.00077770750971761652 -0.00047971283709082995 -0.00032201318379647967 -0.0004333690899398137
leaf_weight=9.8444093745201844 481.30172492004931 48.618883104529232 19.494309836067259 50.194089079974219 4358.7457372653298 63.035954995080829 172.46719316020608 171.96255832212046 1960.8014374244958 363.47522029466927 13.167609218973665 17.531165182590485 17.253656554967165 3.9329093294218174
leaf_count=138 2286 1036 64 2304 30933 331 1104 738 2807 538 104 32 156 128
internal_value=-4.80333e-05 -0.00928902 -0.00263296 -0.0137739 0.000151604 -0.00366588 -0.00736452 0.00647625 0.000663499 0.00268251 -0.000402534 -0.0365003 0.00867305 -0.00907153
internal_weight=7751.83 166.869 135.561 69.6884 7584.96 888.767 653.769 234.999 6696.19 2324.28 4371.91 31.3085 65.8725 13.7773
internal_count=42699 3858 3560 2368 38841 4459 3390 1069 34382 3345 31037 298 1192 266
is_linear=0
shrinkage=0.0844352


Tree=38
num_leaves=15
num_cat=0
split_feature=19 17 22 17 5 17 0 5 25 14 22 10 7 38
split_gain=2.0718 4.02701 2.43188 2.41024 2.0688 4.05577 3.52665 3.09325 2.39868 2.44821 2.11464 1.96381 1.05447 0.783843
threshold=0.012004205911449907 0.81569444832357141 0.016339764505498223 0.99443545564389868 0.1057419599714932 1.5341099242122807 1.1063750000000001 0.10134763424511219 1.3319514487845765 0.90793068462495419 0.10327529498474107 0.25427973749934069 0.17753449875992566 10.500000000000002
decision_type=10 8 8 10 8 10 2 10 10 8 10 10 10 2
left_child=1 11 13 -4 5 6 -2 -7 10 -10 -6 12 -1 -3
right_child=4 2 3 -5 8 7 -8 -9 9 -11 -12 -13 -14 -15
leaf_value=-0.00031362493348987452 -0.00012247537721342777 0.00086807602614871878 0.0002942459392511713 -0.00028713320520577763 1.1504753647899606e-05 0.00047264316699074954 -0.00098077320404317287 -0.00017168745633727801 -0.0012982253817801746 -0.00041826119589423948 0.00097318019132125195 -0.00043920820338529717 0.00109084166873963 -0.00061030719587292415
leaf_weight=4.8977378671988863 1099.1129430742003 39.64539316855371 20.584441687213257 72.945517852902412 5166.8703563218005 280.37817276921123 45.560529308393598 13.8165609491989 8.2119732201099378 175.81535219447687 795.19154776353389 18.751838994212449 7.6589070251211524 2.3855858668684951
leaf_count=46 5469 1246 1842 440 27115 1274 188 76 22 1258 3439 128 124 32
internal_value=-0.000118183 -0.00940992 -0.00278165 -0.0105482 8.25798e-05 -0.00279386 -0.00508194 0.00598906 0.000761567 -0.00869825 0.00105992 -0.0365003 -0.00699359 0.0136334
internal_weight=7751.83 166.869 135.561 93.53 7584.96 1438.87 1144.67 294.195 6146.09 184.027 5962.06 31.3085 12.5566 42.031
internal_count=42699 3858 3560 2282 38841 7007 5657 1350 31834 1280 30554 298 170 1278
is_linear=0
shrinkage=0.0844352


Tree=39
num_leaves=15
num_cat=0
split_feature=34 21 8 35 16 8 24 35 30 26 21 16 20 12
split_gain=2.17316 3.18758 5.46463 3.26403 6.20156 4.33992 2.41931 3.93839 5.04622 2.76454 2.45566 3.40568 1.60305 0.774863
threshold=-0.010894677326784062 0.0064363572914823983 0.22288630481843233 4.0627678884219955 1.3189901580471159 0.15465134573349018 11.500000000000002 4.4421805297858965 18.915000000000003 0.14365448879146323 0.038588643276480657 1.2652429299464252 0.066666884021952158 0.11943291737064628
decision_type=10 8 10 2 10 10 2 2 8 8 10 10 10 10
left_child=6 2 -2 5 -5 -3 10 9 -9 -8 11 -1 -12 -4
right_child=1 3 13 4 -6 -7 7 8 -10 -11 12 -13 -14 -15
leaf_value=-6.7553559203264839e-05 -0.00046754763280660346 -0.0010886529992290451 0.0014624554795905254 -0.00031798325392924578 0.00049023932044197206 7.1859257963225262e-05 0.00039687387224504567 0.00057887707197473476 -0.00026901425451021286 -5.8811507825185159e-05 0.00056758426389485952 -0.0007011353476109412 2.3711590458097422e-05 -0.00077167305920182612
leaf_weight=1799.4154061956797 34.89367974922061 16.804715663194656 16.662011571228508 1373.8013676116243 231.72421631962061 1320.9732383619994 41.728638887405396 605.77316349744797 88.201468586921692 566.89748672768474 667.32874219119549 112.67464045109227 862.16365639399737 12.784425854682921
leaf_count=16722 116 82 62 4607 824 4438 64 894 126 848 4938 3206 5688 84
internal_value=-1.6468e-05 -0.00179602 -0.0203403 -0.00137549 -0.00394771 0.0016872 0.00110482 0.00420361 0.00855251 -0.000704281 -5.89415e-05 -0.00208523 0.00245243 0.00546233
internal_weight=7751.83 3007.64 64.3401 2943.3 1605.53 1337.78 4744.18 1302.6 693.975 608.626 3441.58 1912.09 1529.49 29.4464
internal_count=42699 10213 262 9951 5431 4520 32486 1932 1020 912 30554 19928 10626 146
is_linear=0
shrinkage=0.0844352


Tree=40
num_leaves=16
num_cat=0
split_feature=23 23 16 5 38 26 4 10 5 5 12 17 38 22 16
split_gain=2.0777 3.91528 4.24315 3.94874 3.648 2.85476 2.41682 6.51851 2.11575 2.84262 2.26893 1.77751 1.56403 1.35481 0.927291
threshold=0.015000214740856751 0.012524998456990151 1.1271171495239829 0.22021185241244376 3.5000000000000004 0.2279680500087449 0.2981295847221736 0.31952927236879763 0.21095097373981575 0.22569722621272598 0.025982891121289139 0.98176024509681936 3.5000000000000004 0.017508798286139087 0.92344093681986383
decision_type=8 10 10 10 2 10 10 8 8 10 8 8 2 10 10
left_child=1 2 13 4 -3 -4 8 14 10 -10 -2 -5 -9 -1 -8
right_child=6 3 5 11 -6 -7 7 12 9 -11 -12 -13 -14 -15 -16
leaf_value=9.7642782587199919e-06 -0.0003037432631337737 -0.00040119462948261253 -0.00036555024415199991 -0.00023347659947941442 -0.00052548009083637211 -0.00017183383912097546 0.00098955296379468955 -0.00099673240099445374 0.00066448619665604848 5.5177852471701543e-05 -3.5362560251953982e-06 0.0003957491986568479 -0.0004711730491573084 0.00075022342370457073 -0.00019806045175813013
leaf_weight=70.868422249797732 470.60350090032443 46.039133939892054 26.526989304926246 20.913876345381141 60.382182743400335 42.483039212878793 29.918772988021374 29.004175186157227 299.68539327010512 2805.6674526606221 3669.4856174052693 37.456363623961806 19.976877683773637 77.373740447685122 45.441320100799203
leaf_count=866 3633 152 338 124 410 792 156 58 1758 15931 17373 286 138 498 186
internal_value=-1.68565e-05 -0.00608737 0.00122065 -0.0158923 -0.0255463 -0.0158175 0.000293802 -0.0113395 0.000498899 0.00216742 -0.000744749 0.00122612 -0.0351955 0.00940519 0.00388072
internal_weight=7751.83 382.044 217.252 164.792 106.421 69.01 7369.78 124.341 7245.44 3105.35 4140.09 58.3702 48.9811 148.242 75.3601
internal_count=42699 3466 2494 972 562 1130 39233 538 38695 17689 21006 410 196 1364 342
is_linear=0
shrinkage=0.0844352


Tree=41
num_leaves=15
num_cat=0
split_feature=8 8 10 27 16 33 16 8 24 10 12 4 19 35
split_gain=2.04903 3.53219 5.33845 3.76823 2.82001 3.44382 3.41539 2.54486 4.60475 3.4228 2.59837 1.63386 1.51428 0.909022
threshold=0.22771324387763614 0.22397388166807047 0.22624415467069123 0.33312557498687284 1.0836828453313478 0.02057792929895386 0.93522806114114654 0.24919561582555594 11.500000000000002 0.13192655079693125 0.02728236838405004 0.23260846802096311 0.02440416699817494 4.9954878004499532
decision_type=8 10 10 10 10 8 10 8 2 8 8 8 8 2
left_child=1 4 3 -3 6 -6 -1 8 12 -9 -11 -4 -2 -10
right_child=7 2 11 -5 5 -7 -8 9 13 10 -12 -13 -14 -15
leaf_value=-0.00012646389688804446 0.00043024854157618092 -0.00041856791336759304 0.00010493856238431914 -0.00082184678523450556 -0.00030189485989398212 -4.4995079241533506e-05 0.00025098274059407854 -0.00083676257860548547 0.00078387040052639589 -0.00033563196349834933 1.6229485996815508e-05 -0.00091448980091163746 -6.2815724041078816e-05 0.00066089229738389241
leaf_weight=797.73006203118712 80.066461858805269 47.151293777860701 68.540267656091601 25.6872802041471 124.39656259585172 361.12147202156484 703.24868502514437 18.215072357095778 158.50888574123383 145.78693032450974 4742.7324679393787 11.065471002832053 362.06413909886032 105.51180642843246
leaf_count=6410 554 282 394 84 542 3696 4698 92 230 729 21909 34 2898 147
internal_value=-8.3986e-05 -0.00231122 -0.0146943 -0.0311197 -0.00134029 -0.00693396 0.000449033 0.000759023 0.00549671 6.98933e-05 0.000214859 3.86949e-05 0.000148214 0.0143084
internal_weight=7751.83 2138.94 152.444 72.8386 1986.5 485.518 1500.98 5612.89 706.151 4906.73 4888.52 79.6057 442.131 264.021
internal_count=42699 16140 794 366 15346 4238 11108 26559 3829 22730 22638 428 3452 377
is_linear=0
shrinkage=0.0844352


Tree=42
num_leaves=14
num_cat=0
split_feature=19 20 32 5 24 5 7 5 21 20 17 16 23
split_gain=1.85324 3.90952 3.11985 2.98364 3.20763 2.74382 3.18549 3.11554 2.35297 4.5419 3.14081 1.84583 1.2614
threshold=0.046567186852374549 0.052209724300538836 0.56530343007915584 0.57287787980242444 10.500000000000002 0.20990502504023276 0.63729283536452108 0.22569722621272598 0.053477877288365991 0.018112467009027192 1.5388801199305735 0.98579697429034774 0.10863740521650085
decision_type=8 10 10 10 2 10 8 10 10 10 10 10 10
left_child=1 8 -3 5 12 6 -2 -7 10 -10 -1 -6 -5
right_child=3 2 -4 4 11 7 -8 -9 9 -11 -12 -13 -14
leaf_value=-7.161990848361583e-05 -9.709563795203349e-05 -0.0010372970789876939 -0.00025513505489394164 0.00028945214935879052 -2.0865438122885743e-06 0.0013160046880196256 0.00051858843655956557 0.00022131708764825105 8.4893714573766195e-05 -0.0011273100163455086 0.00025985751559742988 -0.00078359897711675094 -0.0013767796923918531
leaf_weight=2581.6056615626439 2235.9367891810834 15.3019260186702 18.707057381048799 125.93706621509045 52.886782050132751 227.29402272333391 173.66854230198078 1523.5676669238601 27.490527991205454 16.050324846059084 613.86925383890048 127.15399577468634 12.357241254299877
leaf_count=14691 10379 54 90 1248 90 1293 1690 9118 78 130 3448 204 186
internal_value=-0.00011958 -0.00165041 -0.0299325 0.000991811 -0.00685974 0.00160139 -0.000234113 0.00414559 -0.00133795 -0.0207447 -0.00105946 -0.0142993 0.00260672
internal_weight=7751.83 3273.02 34.009 4478.8 318.335 4160.47 2409.61 1750.86 3239.02 43.5409 3195.47 180.041 138.294
internal_count=42699 18491 144 24208 1728 22480 12069 10411 18347 208 18139 294 1434
is_linear=0
shrinkage=0.0844352


Tree=43
num_leaves=15
num_cat=0
split_feature=23 23 39 34 26 16 4 10 31 18 22 31 23 31
split_gain=2.33013 4.6278 4.71169 4.24807 3.00416 3.85402 2.85777 4.97295 2.00519 1.97965 1.97426 7.72483 3.38741 1.88662
threshold=0.014182695408807041 0.012524998456990151 2.5000000000000004 -0.05271780401347597 0.2242900961854655 1.086600736299864 0.2981295847221736 0.40666049554003469 -4.089999999999999 0.061147674520154467 0.16272390523969041 4.360000000000003 0.11050889255223616 2.6199999999999997
decision_type=10 8 2 10 10 10 10 8 8 10 10 10 10 10
left_child=1 4 3 -3 5 -1 10 13 -6 -4 12 -12 -2 -8
right_child=6 2 9 -5 8 -7 7 -9 -10 -11 11 -13 -14 -15
leaf_value=2.5746442523278198e-05 -4.7651166997332239e-06 0.00025064833604112897 0.0010241037052304437 -0.00042815048969601456 -0.00045330243487028333 -0.00041547186342487738 0.00053957035616330692 -0.001263471248979843 0.00047748336111323665 -0.00068554036163558888 -8.1684693153364065e-05 -0.0030683922178903777 0.0014743602651211415 -0.00027951646430369022
leaf_weight=46.803073545917869 6726.577193598263 12.790658778743817 34.184159683994949 62.755159032531083 9.0185869960114342 30.882541819475591 65.257000219076872 27.146322628483176 130.547988853883 4.7433297913521519 108.33202322432771 21.641826093196869 439.05540998512879 32.091583812609315
leaf_count=440 33953 998 1362 246 54 352 320 110 1648 38 676 46 2348 108
internal_value=-0.000412147 -0.00733075 -0.0210233 -0.0332726 0 -0.0133297 -9.78375e-05 -0.0127552 0.00732093 0.00205108 0.000114617 -0.0101679 0.000306548 -0.00337962
internal_weight=7751.83 331.725 114.473 75.5458 217.252 77.6856 7420.1 124.495 139.567 38.9275 7295.61 129.974 7165.63 97.3486
internal_count=42699 5138 2644 1244 2494 792 37561 538 1702 1400 37023 722 36301 428
is_linear=0
shrinkage=0.0844352


Tree=44
num_leaves=14
num_cat=0
split_feature=34 30 5 27 39 24 24 17 19 19 20 17 19
split_gain=2.06258 2.89523 2.92953 4.03372 3.35264 2.6462 2.37846 3.07932 2.70323 5.29968 3.55621 2.33312 1.09201
threshold=-0.013252614868770605 25.280000000000005 0.18653668047128655 1.0001037344398342 3.5000000000000004 11.500000000000002 10.500000000000002 3.6204310233245289 0.077773640576525707 0.10560087189427726 0.055828692105475371 0.9503881280226778 0.068153782327110918
decision_type=8 10 8 10 2 2 2 8 10 10 10 10 8
left_child=6 2 4 -4 -2 12 7 11 10 -10 -8 -1 -3
right_child=1 5 3 -5 -6 -7 8 -9 9 -11 -12 -13 -14
leaf_value=-0.00040171983092306785 -0.00013504154463523451 -0.00020337209417239206 3.7670092208350828e-05 -0.0011761745505837456 -0.00086715121838393911 0.001258989559076077 7.8910034235267021e-05 -0.00067642309569723648 -0.00040179661284501074 0.0013498724093220758 0.0011978558595607438 6.4005833220780412e-05 0.00066827756075854192
leaf_weight=403.66501355124637 1568.4804376105312 151.48253980278969 1831.1763482121751 30.910645863972604 108.9160730689764 97.738619923591614 1141.8418501000851 12.179649759549646 302.74593031406403 227.7370913028717 268.41555643081665 1560.3471558582969 46.189946264028549
leaf_count=4394 7556 1002 7671 88 276 114 2155 110 580 436 489 17572 256
internal_value=-0.000245013 -0.00164033 -0.0023177 0 -0.00487644 0.00635256 0.00111268 -0.000936197 0.00321567 -0.00187531 0.00515412 -0.000650298 0.000547014
internal_weight=7751.83 3834.89 3539.48 1862.09 1677.4 295.411 3916.93 1976.19 1940.74 530.483 1410.26 1964.01 197.672
internal_count=42699 16963 15591 7759 7832 1372 25736 22076 3660 1016 2644 21966 1258
is_linear=0
shrinkage=0.0844352


Tree=45
num_leaves=16
num_cat=0
split_feature=15 26 10 27 19 18 9 10 7 33 31 20 26 9 24
split_gain=1.77496 3.51763 3.58039 2.94424 2.87804 2.5544 1.63606 1.92593 4.58146 1.97473 1.70796 2.75249 1.69351 1.24343 0.738148
threshold=1.5286256182250868 0.10616924315075196 0.3660958694524003 0.23330410089367745 0.012004205911449907 -0.029303502288778312 0.36232736030876384 0.4421347607546145 0.3729676580026951 0.0083530813047436609 6.294999999999999 0.079337268205271164 0.24141355218306793 0.2488222728712314 10.500000000000002
decision_type=8 10 10 8 10 10 10 10 10 8 10 10 8 10 2
left_child=1 2 13 5 -5 -3 7 9 -9 -2 12 -12 -8 -1 -4
right_child=6 3 14 4 -6 -7 10 8 -10 -11 11 -13 -14 -15 -16
leaf_value=-0.00079393316009525186 -0.00031882433680361201 -0.0004937418827336233 -0.00088966928750388945 -0.00032635525345853515 4.4959109244920599e-05 -6.8351006636843469e-05 -0.00040668729455013681 -0.00084895112304628933 1.2041049919760105e-05 4.8380881550189625e-05 0.0014269505688800711 -0.0023544352583625564 0.0014448537682663694 0.00015366927024693613 -0.0015966711025031069
leaf_weight=16.148996441625059 248.0002228487283 234.26301995106041 9.5000745616853255 59.74792273901403 2647.9132055779919 883.88857320137322 40.509238816797733 23.933710576966405 57.004168558400124 2879.6330145096872 18.961616292595863 17.606268487870693 569.41316181980073 28.042290457524359 17.261373221874237
leaf_count=242 1810 1061 147 402 12805 4032 228 170 285 18720 80 66 2440 179 32
internal_value=-6.10549e-05 -0.00133582 -0.0199114 -0.000979714 0.000514706 -0.00462647 0.00121893 0.000426509 -0.0123624 0.000770265 0.00509675 -0.0121998 0.00619853 -0.00415911 -0.0440744
internal_weight=7751.83 3896.77 70.9527 3825.81 2707.66 1118.15 3855.06 3208.57 80.9379 3127.63 646.49 36.5679 609.922 44.1913 26.7614
internal_count=42699 18900 600 18300 13207 5093 23799 20985 455 20530 2814 146 2668 421 179
is_linear=0
shrinkage=0.0844352


Tree=46
num_leaves=16
num_cat=0
split_feature=31 35 11 31 16 16 23 33 9 35 21 5 33 24 24
split_gain=1.77983 3.30644 4.39976 3.06212 2.95134 2.77654 3.82165 2.77222 3.89829 2.71736 3.41791 2.47403 1.68306 0.829143 0.122642
threshold=3.4850000000000008 4.8885805282412882 0.70131155374116905 6.294999999999999 0.97635032197987248 1.5049042854533188 0.06855278463538951 0.0083530813047436609 0.23098319872815673 5.1951904578479509 0.020778245895588913 0.71240925186428883 0.10293187436052688 9.5000000000000018 9.5000000000000018
decision_type=10 2 10 10 10 10 10 8 10 2 10 10 8 2 2
left_child=5 2 4 -4 -2 7 12 8 -1 13 -11 -9 -7 -3 -8
right_child=1 9 3 -5 -6 6 14 11 -10 10 -12 -13 -14 -15 -16
leaf_value=-0.00043984745958304419 0.00025649281139005295 0.00024866606240812054 -0.0015521297290519841 4.1162979329498393e-05 -4.9229451275825125e-05 -0.00076600077898664307 0.00019109969527968245 1.9575438319524449e-05 -0.00020518125094574899 0.00014223874197150752 -5.0981122532873278e-05 -0.00031748464967162941 0.00055424716978598573 0.00068139412006717689 0.0015090530349591512
leaf_weight=69.425271742045879 315.81654473021626 37.650089035741985 50.840724185109138 33.032898306846619 804.6284549087286 51.302179737016559 3.958097253926101 5115.7792593219783 572.54851495288312 113.03102296404541 279.57665239274502 137.07842306885868 7.5468062981963149 144.43863701820374 15.173282146453856
leaf_count=1098 1368 458 86 218 2778 172 814 28001 3824 376 850 732 1678 212 34
internal_value=0 0.00234078 -0.000147688 -0.0187567 0.00122481 -0.000701337 -0.0164831 -0.000485358 -0.00572177 0.00760791 0.00353529 0.000148872 -0.0272802 0.0161689 0.0148773
internal_weight=7751.83 1779.02 1204.32 83.8736 1120.44 5972.81 77.9804 5894.83 641.974 574.696 392.608 5252.86 58.849 182.089 19.1314
internal_count=42699 6346 4450 304 4146 36353 2698 33655 4922 1896 1226 28733 1850 670 848
is_linear=0
shrinkage=0.0844352


Tree=47
num_leaves=16
num_cat=0
split_feature=23 23 35 11 16 26 24 16 28 24 26 15 25 7 26
split_gain=1.79308 3.44948 4.36151 3.39293 2.7476 3.0992 2.47176 3.48499 3.56682 2.4574 2.4013 1.98911 3.51161 1.82487 1.75073
threshold=0.014182695408807041 0.012524998456990151 4.3755053860233701 0.20825615878788586 1.0981435964844326 0.29196676922504727 11.500000000000002 1.2244244831259219 -0.036650000000000009 10.500000000000002 0.35478862841011111 1.5489759130447311 0.80543880045611538 0.16870665653679495 0.25567473245364469
decision_type=8 10 2 8 10 10 2 10 8 2 10 10 10 8 10
left_child=1 4 3 -3 13 -6 11 8 -8 -4 -9 12 -2 -1 -13
right_child=6 2 9 -5 5 -7 7 10 -10 -11 -12 14 -14 -15 -16
leaf_value=-3.1000459790208865e-05 -4.3170404002190156e-05 -0.00038633517924109697 -6.233259123293346e-05 5.8725029711756511e-05 -0.00038350045849990677 4.1200981072970881e-05 -0.00098773696317105367 -9.6813381239356981e-06 5.7143658394877116e-05 -0.00040270886570099835 0.0012400474303772069 -0.0001442480439497109 -0.00042038889939122735 0.0005753871543156126 0.00010932138937587856
leaf_weight=57.952414223458618 2094.0901286716107 25.628964005969465 12.114793530665336 37.946784922853112 42.686500243842602 39.601369168609381 163.65696585923433 92.513510789722204 1996.4371551219374 22.112882733345032 283.74723312631249 516.9501840909943 433.61739822849631 77.011907579377294 1855.758665766567
leaf_count=474 15132 150 194 272 524 686 222 144 2868 32 416 3675 3405 810 13695
internal_value=2.3421e-05 -0.00620503 -0.0193252 -0.00551545 -0.00011105 -0.0123702 0.000292195 0.00243482 0.00111014 -0.0435071 0.00993858 -0.000810194 -0.0024617 0.00714034 0.000935436
internal_weight=7751.83 315.056 97.8034 63.5757 217.252 82.2879 7436.77 2536.35 2160.09 34.2277 376.261 4900.42 2527.71 134.964 2372.71
internal_count=42699 3142 648 422 2494 1210 39557 3650 3090 226 560 35907 18537 1284 17370
is_linear=0
shrinkage=0.0844352


Tree=48
num_leaves=12
num_cat=0
split_feature=15 24 8 7 26 33 24 7 12 0 18
split_gain=2.03419 2.6254 1.70498 7.45763 3.52999 3.88452 3.25218 2.24514 2.11951 0.816095 0.559431
threshold=0.61574885842428795 10.500000000000002 0.38928300916400488 0.42116941701210248 0.24141355218306793 0.032418034169404038 10.500000000000002 0.40471901111954672 0.073264918032008616 0.27937500000000004 0.014650959058840953
decision_type=8 2 10 10 10 10 2 10 10 2 10
left_child=1 9 3 7 5 -4 -6 -2 -5 -1 -11
right_child=2 -3 4 8 6 -7 -8 -9 -10 10 -12
leaf_value=-0.00038506414045429892 -8.8638927187480284e-06 -0.00081793835124507658 -0.0014941520790712379 -0.0014261638965752425 -7.8428396892452241e-05 0.00088887624868276018 0.0005653140537049806 0.0023771406418417575 -0.00027115348827066359 -0.00057355062588150681 5.5943952428958037e-05
leaf_weight=11.55127810873091 5915.1534325967077 14.881668865680693 72.532134180888534 16.879837711341679 623.18438239069656 42.749037894420326 877.68492566235363 61.483045946341008 48.414504599291831 17.386356222443283 49.926253884099424
leaf_count=94 35276 24 376 58 4308 212 1413 196 220 172 350
internal_value=-5.8323e-06 -0.0123337 0.000141683 -0.000505385 0.00258049 -0.0115531 0.00369215 -0.000188379 -0.0287632 -0.00556956 -0.00139894
internal_weight=7751.83 93.7456 7658.08 6041.93 1616.15 115.281 1500.87 5976.64 65.2943 78.8639 67.3126
internal_count=42699 640 42059 35750 6309 588 5721 35472 278 616 522
is_linear=0
shrinkage=0.0844352


Tree=49
num_leaves=14
num_cat=0
split_feature=9 11 7 7 7 26 22 13 39 7 5 11 23
split_gain=1.79109 5.59802 2.73222 5.48422 2.20565 2.04543 6.60647 3.97368 3.03891 5.50062 1.71172 1.67856 0.183571
threshold=0.38476794662179181 0.70131155374116905 0.42116941701210248 0.43176143440003473 0.40471901111954672 0.94585949048102447 0.10950656281320272 1.9579042348677136 2.5000000000000004 0.42569984425423113 0.1760081753676227 0.5501574138366031 0.071464436346942897
decision_type=10 10 10 10 10 8 10 10 2 10 8 10 8
left_child=1 2 4 -4 -1 8 12 -8 9 -2 -3 -10 -7
right_child=5 10 3 -5 -6 6 7 -9 11 -11 -12 -13 -14
leaf_value=-6.5292063363855738e-06 -0.00015788476211747366 -0.0007959216112987615 -0.0010201165927803729 -4.4246945627720377e-05 0.0010138706294683308 0.00068013678424547707 -0.0026974712639298674 -0.00014451299306573209 0.00023281412313564258 0.0013968309162919234 -0.00090363027423547525 -0.00039223156915610418 0.0039256226050650789
leaf_weight=5929.633006823482 322.77251046709716 16.176200272515416 28.844998074695468 225.10127632226795 91.775571329984814 21.423620022833347 27.682264870032668 21.672169391065836 275.64121617563069 475.68409274984151 11.623052172362806 277.62962153553963 26.167257855646312
leaf_count=35170 1634 64 124 1003 262 153 96 94 1236 1624 78 1071 90
internal_value=0 -0.000612112 -0.000437533 -0.0090075 -6.97813e-05 0.00267977 -0.00903757 -0.030714 0.0035481 0.00688513 -0.0380424 -0.00121022 0.0128548
internal_weight=7751.83 6303.15 6275.35 253.946 6021.41 1448.67 96.9453 49.3544 1351.73 798.457 27.7993 553.271 47.5909
internal_count=42699 36701 36559 1127 35432 5998 433 190 5565 3258 142 2307 243
is_linear=0
shrinkage=0.0844352


Tree=50
num_leaves=13
num_cat=0
split_feature=34 38 30 24 16 31 16 12 7 5 12 25
split_gain=1.76989 2.17513 1.99187 2.79373 2.17326 3.67297 3.01077 1.62911 1.18934 2.2398 1.43328 0.138426
threshold=-0.04734180047292446 11.500000000000002 25.280000000000005 11.500000000000002 1.5049042854533188 1.9350000000000007 1.3189901580471159 0.026141188567153566 0.38141464788499263 0.59059913302658684 0.05424826325778772 0.79611906460480253
decision_type=8 2 10 2 10 8 10 10 10 10 10 10
left_child=1 8 4 7 6 -6 -2 -4 10 -10 -1 -3
right_child=2 11 3 -5 5 -7 -8 -9 9 -11 -12 -13
leaf_value=0.000172190716252845 -4.3483909690116425e-05 0.0015491373305136823 -0.0016324108545198762 0.001117361597195616 -0.00086472507981152121 -3.052121259597581e-06 0.00019949896130978285 0.00012851057593944994 0.0023455175947012094 -0.0020163100422348154 -0.00029601813034551758 0.0018205164785695933
leaf_weight=776.14809162914753 5851.6361817296129 51.373626306653023 9.9200307130813581 97.738619923591614 34.304397975560278 76.267212802078575 310.03341975715011 187.75245535373688 94.57831123098731 7.5799105875194064 233.58074159547687 20.913858458399773
leaf_count=9811 24587 144 18 114 246 2462 912 1240 861 72 2162 70
internal_value=-0.00015641 0.00284189 -0.000702254 0.00605039 -0.00102609 -0.012748 -0.000809197 9.58844e-05 0.00188121 0.0105696 0.000963892 0.0170323
internal_weight=7751.83 1184.17 6567.65 295.411 6272.24 110.572 6161.67 197.672 1111.89 102.158 1009.73 72.2875
internal_count=42699 13120 29579 1372 28207 2708 25499 1258 12906 933 11973 214
is_linear=0
shrinkage=0.0844352


Tree=51
num_leaves=10
num_cat=0
split_feature=23 19 15 35 30 26 33 10 30
split_gain=1.53851 2.40564 1.47201 2.97004 2.42682 2.9455 2.80155 1.92381 0.640055
threshold=0.19479238765733728 0.19922145503878944 1.0117223648103078 5.721752322391719 25.280000000000005 0.19203560339058251 0.0083530813047436609 0.28071681221560102 16.415000000000003
decision_type=10 8 8 2 10 10 8 10 10
left_child=2 -2 3 7 6 -6 -4 -1 -5
right_child=1 -3 4 8 5 -7 -8 -9 -10
leaf_value=4.2693459428514559e-05 -0.002272901054608385 0.0062716462670294642 -0.00020764439574148577 0.0022569441168232055 -0.0013109601302823634 0.00053243231349559678 2.4492228699142966e-05 -0.00030293796197473303 0.00014514513503131277
leaf_weight=193.59535975754261 9.5451036877930129 5.7868402590975174 679.59299112483859 34.632116842549294 26.319581151008606 154.06979033350945 5933.3627578925807 641.63640226656571 73.285914747510105
leaf_count=1201 63 194 4626 110 108 536 32404 3113 344
internal_value=0 -0.026225 5.73207e-05 -0.00306254 0.000495556 0.0101465 0.000226431 -0.00479377 0.00998561
internal_weight=7751.83 15.3319 7736.49 943.15 6793.35 180.389 6612.96 835.232 107.918
internal_count=42699 257 42442 4768 37674 644 37030 4314 454
is_linear=0
shrinkage=0.0844352


Tree=52
num_leaves=9
num_cat=0
split_feature=23 19 22 5 16 10 7 20
split_gain=1.56521 2.39582 1.60007 3.0888 2.9359 1.7006 3.58021 1.74764
threshold=0.19479238765733728 0.19922145503878944 0.11965365431361458 -0.071961301334865654 0.82566450270418545 0.45357738158726651 0.47866796020662322 0.14261213613787316
decision_type=10 8 8 8 10 10 10 10
left_child=2 -2 5 -4 -5 7 -7 -1
right_child=1 -3 3 4 -6 6 -8 -9
leaf_value=8.5795938331407218e-06 -0.0020809882735701732 0.005742098764575195 -0.0019740290233462711 -0.00047012987276478477 0.0012771035026956817 -0.00030426559956853297 0.00011472324715560592 -0.00026130662768967877
leaf_weight=6053.7497223909013 9.5451036877930129 5.7868402590975174 17.02108705509454 97.174995046341792 516.85587177285925 562.27640980388969 435.72583662858233 53.69099141843617
leaf_count=33477 63 194 74 2371 2323 2340 1669 188
internal_value=0.000155411 -0.0262831 0.000214044 0.00428834 0.0053292 -0.000143471 -0.00337719 0.000379801
internal_weight=7751.83 15.3319 7736.49 631.052 614.031 7105.44 998.002 6107.44
internal_count=42699 257 42442 4768 4694 37674 4009 33665
is_linear=0
shrinkage=0.0844352


Tree=53
num_leaves=12
num_cat=0
split_feature=23 34 18 11 7 10 30 12 24 10 9
split_gain=1.95837 3.5063 1.68201 2.89717 2.41264 2.82659 2.20367 2.06926 1.39616 0.170414 0.0144039
threshold=0.19479238765733728 -0.021918840286157256 -0.0633725579584105 0.73943651534745036 0.59314529077347977 0.45357738158726651 17.885000000000002 0.15967772290759438 10.500000000000002 0.43794758093851988 0.15047061992986294
decision_type=8 10 8 10 10 10 10 10 2 10 8
left_child=2 9 3 6 5 -4 -1 -5 -6 10 -2
right_child=1 -3 4 7 8 -7 -8 -9 -10 -11 -12
leaf_value=1.3097526063511185e-05 -0.0002573070302148608 -0.00085025954439189551 4.0084575087950356e-06 -0.0025759387084712958 0.00011196346331846252 -0.00022164754589740863 0.00079587523607166648 4.9441003412332432e-05 0.0016904552899082573 -0.00086016410778560657 0.0035110552769327423
leaf_weight=189.57550300331786 0.43150676600634774 18.740257282741368 6210.5709377662279 23.504453293979168 81.890559379942715 803.44124162662774 264.64734803372994 34.759503745473921 111.43548517301679 1.2666792012751091 11.56338279065676
leaf_count=936 170 77 34257 92 610 3201 1076 94 180 100 1906
internal_value=0.000152748 -0.0204926 0.000244146 0.00491634 -8.38574e-05 -0.000345222 0.00723878 -0.0125203 0.00920083 0.0105675 0.0147598
internal_weight=7751.83 32.0018 7719.83 512.487 7207.34 7014.01 454.223 58.264 193.326 13.2616 11.9949
internal_count=42699 2253 40446 2198 38248 37458 2012 186 790 2176 2076
is_linear=0
shrinkage=0.0844352


Tree=54
num_leaves=11
num_cat=0
split_feature=23 7 30 24 12 16 28 16 16 12
split_gain=1.98445 2.35466 1.5086 2.77833 1.76538 1.59069 3.75771 2.75358 1.07421 0.0620298
threshold=0.19479238765733728 0.30527439401267037 25.280000000000005 11.500000000000002 0.026141188567153566 1.5049042854533188 -0.058799999999999984 1.3189901580471159 1.0348987311270927 0.060200238258867785
decision_type=8 10 10 2 10 10 10 10 10 10
left_child=2 9 5 4 -4 7 -7 -1 -3 -2
right_child=1 8 3 -5 -6 6 -8 -9 -10 -11
leaf_value=-1.1245874865240468e-05 0.0024162760480058751 -0.0018334878733584207 -0.0013849497069088534 0.0010475327269957562 0.00011033417927867295 -0.00049762202313109987 -2.1440687230826386e-05 0.00030379623051129143 -9.9605699479334906e-05 -0.0010057970469515821
leaf_weight=6989.4914731769823 8.6383011157158744 7.7963545098900822 10.195941358804701 97.738619923591614 189.24989631772041 17.626954441424459 96.619707692414522 318.90243911137804 14.39173732511699 1.1754330899566401
leaf_count=35404 1872 115 22 114 1268 220 2294 1124 182 84
internal_value=7.77669e-05 -0.0207084 0.000169765 0.0060639 0.000168786 -6.22226e-05 -0.00992558 8.82145e-05 -0.0360228 0.0108126
internal_weight=7751.83 32.0018 7719.83 297.184 199.446 7422.64 114.247 7308.39 22.1881 9.81373
internal_count=42699 2253 40446 1404 1290 39042 2514 36528 297 1956
is_linear=0
shrinkage=0.0844352


Tree=55
num_leaves=12
num_cat=0
split_feature=23 34 34 38 30 12 7 26 10 10 16
split_gain=1.97858 3.44277 1.60801 2.0151 1.90602 2.63816 2.16491 1.34011 0.260783 0.151002 0.0208553
threshold=0.19479238765733728 -0.021918840286157256 -0.04734180047292446 11.500000000000002 25.280000000000005 0.13312980479821174 0.82528316238940513 0.43112502032013628 0.25619904898061874 0.43794758093851988 1.564375723659772
decision_type=8 10 8 2 10 10 10 10 10 10 10
left_child=2 9 3 7 6 -6 -4 -1 -5 10 -2
right_child=1 -3 4 8 5 -7 -8 -9 -10 -11 -12
leaf_value=-6.7681784094012203e-05 0.0033178126087089741 -0.00077005751351454392 -1.9630339215238384e-05 0.00099822754271057784 0.00040568839266303796 -0.00017223852957105374 -0.001281979731561846 0.00026522626376955375 0.0016491556604064967 -0.00077912578344004502 -0.00015065662601084599
leaf_weight=582.1001693229191 11.442131458548825 18.740257282741368 6221.6789956069551 20.415733635425568 146.05264899134636 148.37270215153694 22.214946598745883 527.39098805794492 51.598847657442093 1.2666792012751091 0.55275809811428267
leaf_count=5960 1860 77 26008 84 354 1010 52 6852 126 100 216
internal_value=3.97357e-05 -0.0207175 0.000131615 0.00300067 -0.000382 0.00623886 -0.000700046 0.00207369 0.0166961 0.0100382 0.0139947
internal_weight=7751.83 32.0018 7719.83 1181.51 6538.32 294.425 6243.89 1109.49 72.0146 13.2616 11.9949
internal_count=42699 2253 40446 13022 27424 1364 26060 12812 210 2176 2076
is_linear=0
shrinkage=0.0844352


Tree=56
num_leaves=14
num_cat=0
split_feature=28 28 23 17 10 23 27 27 5 33 33 12 27
split_gain=1.49123 3.54435 5.81449 4.44036 3.12737 2.51445 2.83194 2.58512 1.85218 1.48511 1.22018 0.761645 0.451242
threshold=-0.07145 -0.023799999999999998 0.066294151455016839 1.5195111726176151 0.14655825634893241 0.1335511491662911 0.098682801587788374 0.06461171493932466 0.71240925186428883 -0.018890809280788286 0.090170530131999729 0.11684743121219025 0.3300275956927477
decision_type=8 8 8 8 8 8 10 10 10 10 10 8 10
left_child=8 2 4 -4 -2 7 -7 -3 9 11 -11 -1 -10
right_child=1 5 3 -5 -6 6 -8 -9 12 10 -12 -13 -14
leaf_value=-0.0013071983735278559 -0.00034465813172364606 0.00018169774920936889 -0.00024946446769266825 -0.00092608610631054133 9.1283833039938066e-06 -0.00089449646654414072 0.0015298439854441578 -2.0185326653504966e-05 -0.0003448147825278409 0.00074798040457955863 -0.00066732077702224744 3.3666279241255313e-06 -0.00030088069057662052
leaf_weight=8.8184596183709782 29.79537234082818 649.80106610525399 173.68156734481454 90.17544458899647 626.22412789287046 42.328419223194942 210.85264166095294 5601.4831611695699 5.6984492423944157 190.71716761030257 46.583338547497988 69.873609544476494 5.7940331734716892
leaf_count=272 222 4006 1056 590 3609 879 2016 28202 64 717 412 584 70
internal_value=9.62347e-05 -0.000145579 -0.00505309 -0.0156296 -0.000738733 0.000543758 0.00878623 0.00020386 0.00566971 0.00698119 0.0103387 -0.00272798 -0.0262554
internal_weight=7751.83 7424.34 919.877 263.857 656.02 6504.47 253.181 6251.28 327.485 315.993 237.301 78.6921 11.4925
internal_count=42699 40580 5477 1646 3831 35103 2895 32208 2119 1985 1129 856 134
is_linear=0
shrinkage=0.0844352


Tree=57
num_leaves=14
num_cat=0
split_feature=34 12 20 28 28 17 12 8 12 34 18 11 17
split_gain=1.6887 4.10145 4.5168 3.88541 3.10273 1.775 1.71606 3.14166 3.57111 2.57757 5.40711 2.24388 1.99703
threshold=0.031791022825298672 0.078307401070357871 0.13935315876251728 0.027649999999999928 0.087150000000000047 1.2560465455883845 0.11211066248457199 0.45723408089916912 0.071806873164883225 0.025845820494158293 0.025291706744729806 0.5927629613600921 1.2273864369062248
decision_type=10 10 8 8 10 10 10 10 10 8 10 10 10
left_child=6 2 3 -2 5 -3 7 11 -9 12 -11 -1 -8
right_child=1 4 -4 -5 -6 -7 9 8 -10 10 -12 -13 -14
leaf_value=1.4809635563840706e-05 -0.00025433441156752219 0.00087132609228074312 -0.0014331704268646577 0.00045853362987639709 -0.0010800004629445657 -0.00012692811473306368 -0.00026077859109720599 -0.00022840089360172936 0.002069132593838749 -0.0014794152285941891 0.00042597273374823393 -0.00081777413715962172 0.00054929917847069455
leaf_weight=5583.3284657390323 440.84815935231745 178.62148457020521 36.227818559855223 171.41676735319197 30.429154593497515 64.161177670583129 590.67131013516337 91.776900585275143 217.99061130080372 22.319399446714669 17.407659818883985 37.207058819010854 269.4208901184611
leaf_count=34065 1182 482 96 500 116 258 3292 382 569 142 130 205 1280
internal_value=-7.84112e-05 -0.00347321 -0.00714868 -0.00535266 0.00512673 0.00841773 0.000375122 0.000900831 0.00917629 -0.00305121 -0.0239981 0.00043796 -0.00202976
internal_weight=7751.83 921.705 648.493 612.265 273.212 242.783 6830.12 5930.3 309.768 899.819 39.7271 5620.54 860.092
internal_count=42699 2634 1778 1682 856 740 40065 35221 951 4844 272 34270 4572
is_linear=0
shrinkage=0.0844352


Tree=58
num_leaves=10
num_cat=0
split_feature=23 19 18 5 5 18 28 30 19
split_gain=1.57346 2.35862 1.84877 3.08019 10.2044 2.56224 5.73333 2.01257 1.99908
threshold=0.19479238765733728 0.19922145503878944 0.066979007009689187 0.18778936248147568 0.20990502504023276 0.059688623075685239 0.022500000000000051 20.580000000000002 0.1265636837836924
decision_type=10 8 10 8 10 10 8 10 8
left_child=2 -2 5 7 -5 8 -7 -4 -1
right_child=1 -3 3 4 -6 6 -8 -9 -10
leaf_value=-1.4438192863605606e-05 -0.0015393805779375495 0.0048596324039754208 0.0014061517221956002 -0.0019457112002829568 0.00017870887891235798 -0.00025803362349642909 -0.00094171990810057882 -3.7592441602388793e-05 0.00039791953884997131
leaf_weight=6478.5700975251384 9.5451036877930129 5.7868402590975174 216.45076563954353 32.102285789791495 195.43172105029225 119.72069449257106 43.392021767795086 66.248449482023716 584.57887836894952
leaf_count=34823 63 194 925 149 1190 564 207 282 4302
internal_value=8.96315e-05 -0.0264236 0.000148423 0.00505995 -0.00212987 -0.000194173 -0.0106385 0.010956 4.31945e-05
internal_weight=7751.83 15.3319 7736.49 510.233 227.534 7226.26 163.113 282.699 7063.15
internal_count=42699 257 42442 2546 1339 39896 771 1207 39125
is_linear=0
shrinkage=0.0844352


Tree=59
num_leaves=13
num_cat=0
split_feature=15 20 26 8 19 28 12 14 28 4 23 22
split_gain=1.43272 2.19912 3.16971 2.79895 2.42378 3.04432 2.31509 2.07044 1.72562 1.79866 3.09385 1.77488
threshold=1.6111266289701622 0.06603698488138425 0.6834006360674082 0.78750524826199386 0.012004205911449907 0.035050000000000005 0.080275208358317043 2.082282872361231 0.31010000000000004 0.2981295847221736 0.03230947992800013 0.018890480199334241
decision_type=8 10 10 10 8 8 10 10 10 10 8 8
left_child=1 4 3 -3 5 -1 -4 -6 9 11 -11 -2
right_child=8 2 6 -5 7 -7 -8 -9 -10 10 -12 -13
leaf_value=-0.00020049740328092154 -0.00016513372872373438 -0.00026869592029192112 -0.00016768299079871437 -0.00092810302419918834 1.3239656489825649e-05 -0.0004823555437381783 0.00094650511736328277 -0.00072289445920360653 -0.0017438693450709175 0.00024942654583779995 -0.00072771510974843471 6.7099262972203694e-05
leaf_weight=71.786891697905958 133.79507618909702 784.45997138600796 153.13409920968115 23.940846597775817 3008.6799476998858 14.259476399514822 179.61793471034616 41.114038064610213 14.144078746903686 47.322427440434694 69.615423145703971 3209.9566467751283
leaf_count=633 1606 3622 926 114 14465 119 694 386 92 208 286 19548
internal_value=-8.74351e-05 -0.001126 -0.00429897 -0.00716337 1.87041e-05 -0.0138974 0.00256108 0.000424735 0.00118134 0.00131297 -0.00891026 0.00168186
internal_weight=7751.83 4276.99 1141.15 808.401 3135.84 86.0464 332.752 3049.79 3474.83 3460.69 116.938 3343.75
internal_count=42699 20959 5356 3736 15603 752 1620 14851 21740 21648 494 21154
is_linear=0
shrinkage=0.0844352


Tree=60
num_leaves=13
num_cat=0
split_feature=23 16 12 12 31 21 31 12 2 12 31 35
split_gain=1.98627 2.08288 2.15635 1.4394 4.44297 4.701 3.94709 2.74262 3.4851 2.64327 0.832572 0.00675926
threshold=0.19479238765733728 0.88547977404603206 0.039741939807341461 0.026339809867670285 4.2650000000000023 0.044374141443249339 -6.6949999999999994 0.032861109426843803 0.17109022417744776 0.033540833705388358 -1.2149999999999987 5.490568626706966
decision_type=8 10 10 10 10 8 8 10 2 10 10 2
left_child=3 11 -3 4 6 -6 -1 8 -5 -9 -4 -2
right_child=1 2 10 7 5 -7 -8 9 -10 -11 -12 -13
leaf_value=-0.00039923984803295166 0.0032707874055471096 0.0023122898749217886 -0.00025022277873505054 0.00025938471526705173 -0.00036147450961473407 0.00042343357153514167 -1.2106260122309836e-06 -0.0006576188531249883 -0.00033101127021266673 3.5946870030267015e-06 -0.00053924737707027981 0.00039511107823201409
leaf_weight=29.329897050745785 7.8328430140390974 4.5139852412976351 3.090812156442559 589.90385795244947 95.269239390268922 26.713241126388311 1127.4614592059515 88.092185586690903 110.78157858131453 5652.2735731285065 16.208319579251107 0.35586604964919377
leaf_count=94 1616 54 291 3990 382 98 8486 472 624 26300 80 212
internal_value=-4.70523e-05 -0.0208528 -0.0336759 3.64716e-05 -0.00254583 -0.0178472 -0.000895623 0.000554466 0.00553958 -4.87695e-05 -0.0461163 0.0124276
internal_weight=7751.83 32.0018 23.8131 7719.83 1278.77 121.982 1156.79 6441.05 700.685 5740.37 19.2991 8.18871
internal_count=42699 2253 425 40446 9060 480 8580 31386 4614 26772 371 1828
is_linear=0
shrinkage=0.0844352


end of trees

feature_importances:
cc_rv_10d=52
iv_rank=44
rv_term_ratio=43
iv_crush_pct=42
volume_ratio_20d=34
hist_move_med_8q=34
hist_move_avg_8q=30
iv_mom_week=30
hist_move_avg_4q=29
parkinson_rv_60d=28
vol_of_vol_20d=27
tlt_spy_ratio_30d=27
hist_event_count=25
hv_rank=25
drift_5d=24
log_spot=23
parkinson_rv_10d=22
parkinson_rv_20d=21
vix_current=21
cc_rv_20d=15
hist_move_std_4q=15
vix_change_30d=15
hist_move_med_4q=14
spy_drift_60d=11
iv_cc_rv_ratio_20d=9
event_move_implied=8
straddle_pct=7
earnings_month=6
atm_iv=4
iv_rv_ratio_60d=4
earnings_dow=4
iv_rv_ratio_20d=3
hist_straddle_accuracy=3
em_iv_pct=2
event_vol_fraction=1
vix_pct_252d=1

parameters:
[boosting: gbdt]
[objective: quantile]
[metric: quantile]
[tree_learner: serial]
[device_type: cpu]
[data_sample_strategy: bagging]
[data: ]
[valid: ]
[num_iterations: 1500]
[learning_rate: 0.0844352]
[num_leaves: 31]
[num_threads: 8]
[seed: 42]
[deterministic: 0]
[force_col_wise: 0]
[force_row_wise: 0]
[histogram_pool_size: -1]
[max_depth: 4]
[min_data_in_leaf: 59]
[min_sum_hessian_in_leaf: 0.001]
[bagging_fraction: 0.863516]
[pos_bagging_fraction: 1]
[neg_bagging_fraction: 1]
[bagging_freq: 0]
[bagging_seed: 400]
[bagging_by_query: 0]
[feature_fraction: 0.731713]
[feature_fraction_bynode: 1]
[feature_fraction_seed: 30056]
[extra_trees: 0]
[extra_seed: 12879]
[early_stopping_round: 0]
[early_stopping_min_delta: 0]
[first_metric_only: 0]
[max_delta_step: 0]
[lambda_l1: 0.39161]
[lambda_l2: 0.579482]
[linear_lambda: 0]
[min_gain_to_split: 0]
[drop_rate: 0.1]
[max_drop: 50]
[skip_drop: 0.5]
[xgboost_dart_mode: 0]
[uniform_drop: 0]
[drop_seed: 17869]
[top_rate: 0.2]
[other_rate: 0.1]
[min_data_per_group: 100]
[max_cat_threshold: 32]
[cat_l2: 10]
[cat_smooth: 10]
[max_cat_to_onehot: 4]
[top_k: 20]
[monotone_constraints: ]
[monotone_constraints_method: basic]
[monotone_penalty: 0]
[feature_contri: ]
[forcedsplits_filename: ]
[refit_decay_rate: 0.9]
[cegb_tradeoff: 1]
[cegb_penalty_split: 0]
[cegb_penalty_feature_lazy: ]
[cegb_penalty_feature_coupled: ]
[path_smooth: 0]
[interaction_constraints: ]
[verbosity: -1]
[saved_feature_importance_type: 0]
[use_quantized_grad: 0]
[num_grad_quant_bins: 4]
[quant_train_renew_leaf: 0]
[stochastic_rounding: 1]
[linear_tree: 0]
[max_bin: 255]
[max_bin_by_feature: ]
[min_data_in_bin: 3]
[bin_construct_sample_cnt: 200000]
[data_random_seed: 175]
[is_enable_sparse: 1]
[enable_bundle: 1]
[use_missing: 1]
[zero_as_missing: 0]
[feature_pre_filter: 1]
[pre_partition: 0]
[two_round: 0]
[header: 0]
[label_column: ]
[weight_column: ]
[group_column: ]
[ignore_column: ]
[categorical_feature: ]
[forcedbins_filename: ]
[precise_float_parser: 0]
[parser_config_file: ]
[objective_seed: 16083]
[num_class: 1]
[is_unbalance: 0]
[scale_pos_weight: 1]
[sigmoid: 1]
[boost_from_average: 1]
[reg_sqrt: 0]
[alpha: 0.25]
[fair_c: 1]
[poisson_max_delta_step: 0.7]
[tweedie_variance_power: 1.5]
[lambdarank_truncation_level: 30]
[lambdarank_norm: 1]
[label_gain: ]
[lambdarank_position_bias_regularization: 0]
[eval_at: ]
[multi_error_top_k: 1]
[auc_mu_weights: ]
[num_machines: 1]
[local_listen_port: 12400]
[time_out: 120]
[machine_list_filename: ]
[machines: ]
[gpu_platform_id: -1]
[gpu_device_id: -1]
[gpu_use_dp: 0]
[num_gpu: 1]

end of parameters

pandas_categorical:[]
